100 4950
1 2 388
1 3 383
1 4 350
1 5 344
1 6 166
1 7 253
1 8 477
1 9 301
1 10 418
1 11 319
1 12 77
1 13 433
1 14 417
1 15 330
1 16 345
1 17 524
1 18 276
1 19 193
1 20 173
1 21 187
1 22 131
1 23 336
1 24 420
1 25 363
1 26 362
1 27 429
1 28 175
1 29 238
1 30 448
1 31 269
1 32 255
1 33 246
1 34 197
1 35 371
1 36 276
1 37 234
1 38 428
1 39 115
1 40 76
1 41 337
1 42 239
1 43 165
1 44 450
1 45 417
1 46 98
1 47 426
1 48 387
1 49 437
1 50 455
1 51 93
1 52 458
1 53 420
1 54 378
1 55 372
1 56 380
1 57 170
1 58 350
1 59 408
1 60 252
1 61 199
1 62 378
1 63 137
1 64 447
1 65 406
1 66 109
1 67 262
1 68 477
1 69 449
1 70 99
1 71 309
1 72 343
1 73 231
1 74 89
1 75 217
1 76 343
1 77 323
1 78 274
1 79 109
1 80 434
1 81 171
1 82 185
1 83 279
1 84 291
1 85 275
1 86 267
1 87 261
1 88 225
1 89 243
1 90 277
1 91 430
1 92 117
1 93 520
1 94 275
1 95 154
1 96 272
1 97 248
1 98 438
1 99 357
1 100 128
2 3 249
2 4 521
2 5 44
2 6 277
2 7 379
2 8 129
2 9 142
2 10 125
2 11 129
2 12 425
2 13 47
2 14 167
2 15 418
2 16 96
2 17 216
2 18 493
2 19 435
2 20 325
2 21 222
2 22 257
2 23 249
2 24 306
2 25 481
2 26 139
2 27 231
2 28 263
2 29 177
2 30 70
2 31 244
2 32 168
2 33 341
2 34 355
2 35 217
2 36 112
2 37 207
2 38 394
2 39 348
2 40 391
2 41 479
2 42 416
2 43 286
2 44 203
2 45 38
2 46 301
2 47 38
2 48 14
2 49 171
2 50 80
2 51 334
2 52 210
2 53 432
2 54 483
2 55 319
2 56 184
2 57 324
2 58 548
2 59 188
2 60 493
2 61 352
2 62 483
2 63 336
2 64 245
2 65 65
2 66 278
2 67 179
2 68 243
2 69 214
2 70 302
2 71 227
2 72 375
2 73 309
2 74 298
2 75 189
2 76 62
2 77 197
2 78 297
2 79 293
2 80 140
2 81 329
2 82 359
2 83 161
2 84 113
2 85 364
2 86 378
2 87 306
2 88 380
2 89 345
2 90 276
2 91 435
2 92 372
2 93 339
2 94 356
2 95 265
2 96 168
2 97 154
2 98 70
2 99 31
2 100 278
3 4 658
3 5 249
3 6 379
3 7 211
3 8 208
3 9 137
3 10 145
3 11 136
3 12 453
3 13 279
3 14 409
3 15 580
3 16 157
3 17 190
3 18 605
3 19 525
3 20 432
3 21 326
3 22 303
3 23 450
3 24 528
3 25 638
3 26 110
3 27 469
3 28 371
3 29 178
3 30 243
3 31 413
3 32 324
3 33 182
3 34 470
3 35 438
3 36 240
3 37 353
3 38 600
3 39 418
3 40 431
3 41 625
3 42 536
3 43 388
3 44 449
3 45 285
3 46 348
3 47 268
3 48 235
3 49 417
3 50 319
3 51 389
3 52 456
3 53 626
3 54 646
3 55 522
3 56 66
3 57 227
3 58 674
3 59 426
3 60 592
3 61 469
3 62 645
3 63 259
3 64 485
3 65 314
3 66 301
3 67 343
3 68 489
3 69 94
3 70 352
3 71 75
3 72 553
3 73 450
3 74 312
3 75 197
3 76 196
3 77 400
3 78 128
3 79 277
3 80 389
3 81 434
3 82 239
3 83 337
3 84 185
3 85 515
3 86 522
3 87 463
3 88 504
3 89 485
3 90 114
3 91 632
3 92 296
3 93 581
3 94 510
3 95 355
3 96 143
3 97 294
3 98 225
3 99 249
3 100 258
4 5 482
4 6 278
4 7 593
4 8 648
4 9 530
4 10 619
4 11 540
4 12 280
4 13 548
4 14 422
4 15 114
4 16 545
4 17 728
4 18 77
4 19 157
4 20 226
4 21 333
4 22 359
4 23 292
4 24 303
4 25 63
4 26 586
4 27 380
4 28 287
4 29 479
4 30 591
4 31 277
4 32 358
4 33 577
4 34 188
4 35 342
4 36 442
4 37 320
4 38 228
4 39 254
4 40 273
4 41 45
4 42 122
4 43 269
4 44 426
4 45 525
4 46 321
4 47 548
4 48 531
4 49 439
4 50 543
4 51 285
4 52 430
4 53 182
4 54 78
4 55 248
4 56 625
4 57 500
4 58 36
4 59 396
4 60 108
4 61 188
4 62 77
4 63 471
4 64 387
4 65 491
4 66 369
4 67 344
4 68 423
4 69 688
4 70 317
4 71 586
4 72 169
4 73 215
4 74 367
4 75 460
4 76 518
4 77 332
4 78 586
4 79 409
4 80 461
4 81 224
4 82 526
4 83 360
4 84 491
4 85 157
4 86 143
4 87 215
4 88 153
4 89 178
4 90 580
4 91 190
4 92 463
4 93 393
4 94 165
4 95 302
4 96 516
4 97 382
4 98 591
4 99 493
4 100 422
5 6 233
5 7 354
5 8 166
5 9 124
5 10 146
5 11 117
5 12 380
5 13 89
5 14 160
5 15 381
5 16 92
5 17 248
5 18 451
5 19 391
5 20 282
5 21 177
5 22 214
5 23 219
5 24 286
5 25 445
5 26 141
5 27 219
5 28 219
5 29 145
5 30 113
5 31 206
5 32 126
5 33 317
5 34 312
5 35 194
5 36 69
5 37 165
5 38 368
5 39 303
5 40 346
5 41 441
5 42 374
5 43 242
5 44 200
5 45 73
5 46 256
5 47 81
5 48 50
5 49 169
5 50 114
5 51 289
5 52 208
5 53 402
5 54 447
5 55 291
5 56 188
5 57 291
5 58 507
5 59 177
5 60 450
5 61 310
5 62 447
5 63 300
5 64 236
5 65 77
5 66 235
5 67 138
5 68 241
5 69 231
5 70 258
5 71 214
5 72 341
5 73 268
5 74 255
5 75 153
5 76 53
5 77 167
5 78 277
5 79 252
5 80 144
5 81 285
5 82 327
5 83 122
5 84 84
5 85 325
5 86 338
5 87 267
5 88 338
5 89 304
5 90 257
5 91 407
5 92 335
5 93 332
5 94 317
5 95 220
5 96 144
5 97 109
5 98 110
5 99 13
5 100 238
6 7 342
6 8 393
6 9 254
6 10 352
6 11 265
6 12 165
6 13 316
6 14 259
6 15 209
6 16 275
6 17 463
6 18 229
6 19 159
6 20 53
6 21 58
6 22 89
6 23 169
6 24 254
6 25 262
6 26 312
6 27 264
6 28 13
6 29 201
6 30 346
6 31 102
6 32 112
6 33 318
6 34 90
6 35 205
6 36 176
6 37 78
6 38 276
6 39 75
6 40 129
6 41 246
6 42 157
6 43 9
6 44 288
6 45 295
6 46 75
6 47 312
6 48 282
6 49 280
6 50 327
6 51 76
6 52 296
6 53 280
6 54 272
6 55 210
6 56 348
6 57 247
6 58 295
6 59 246
6 60 223
6 61 89
6 62 271
6 63 227
6 64 281
6 65 272
6 66 108
6 67 110
6 68 312
6 69 413
6 70 72
6 71 309
6 72 200
6 73 81
6 74 117
6 75 182
6 76 255
6 77 159
6 78 317
6 79 154
6 80 282
6 81 56
6 82 281
6 83 130
6 84 219
6 85 144
6 86 146
6 87 107
6 88 124
6 89 110
6 90 307
6 91 289
6 92 237
6 93 353
6 94 140
6 95 26
6 96 238
6 97 123
6 98 341
6 99 245
6 100 160
7 8 396
7 9 237
7 10 327
7 11 253
7 12 331
7 13 422
7 14 497
7 15 548
7 16 289
7 17 399
7 18 524
7 19 439
7 20 381
7 21 313
7 22 253
7 23 480
7 24 569
7 25 594
7 26 268
7 27 539
7 28 341
7 29 211
7 30 406
7 31 421
7 32 353
7 33 37
7 34 416
7 35 491
7 36 302
7 37 361
7 38 613
7 39 339
7 40 324
7 41 572
7 42 474
7 43 347
7 44 538
7 45 418
7 46 277
7 47 411
7 48 369
7 49 512
7 50 459
7 51 308
7 52 546
7 53 622
7 54 607
7 55 540
7 56 252
7 57 95
7 58 598
7 59 503
7 60 502
7 61 417
7 62 606
7 63 121
7 64 558
7 65 431
7 66 233
7 67 371
7 68 576
7 69 304
7 70 280
7 71 167
7 72 542
7 73 423
7 74 229
7 75 211
7 76 316
7 77 442
7 78 89
7 79 189
7 80 493
7 81 380
7 82 68
7 83 376
7 84 269
7 85 485
7 86 484
7 87 448
7 88 450
7 89 450
7 90 110
7 91 631
7 92 136
7 93 650
7 94 482
7 95 316
7 96 211
7 97 326
7 98 389
7 99 361
7 100 181
8 9 180
8 10 69
8 11 162
8 12 526
8 13 119
8 14 283
8 15 547
8 16 131
8 17 90
8 18 617
8 19 553
8 20 445
8 21 335
8 22 355
8 23 378
8 24 430
8 25 610
8 26 130
8 27 349
8 28 380
8 29 240
8 30 67
8 31 372
8 32 292
8 33 361
8 34 477
8 35 343
8 36 217
8 37 330
8 38 521
8 39 459
8 40 494
8 41 607
8 42 540
8 43 403
8 44 313
8 45 139
8 46 402
8 47 113
8 48 118
8 49 281
8 50 151
8 51 440
8 52 317
8 53 560
8 54 612
8 55 447
8 56 148
8 57 371
8 58 674
8 59 308
8 60 615
8 61 475
8 62 612
8 63 393
8 64 360
8 65 179
8 66 369
8 67 305
8 68 350
8 69 131
8 70 404
8 71 228
8 72 504
8 73 434
8 74 388
8 75 259
8 76 138
8 77 327
8 78 307
8 79 371
8 80 248
8 81 448
8 82 399
8 83 288
8 84 186
8 85 492
8 86 505
8 87 434
8 88 504
8 89 471
8 90 286
8 91 563
8 92 432
8 93 448
8 94 484
8 95 377
8 96 212
8 97 272
8 98 59
8 99 155
8 100 352
9 10 117
9 11 18
9 12 359
9 13 184
9 14 282
9 15 446
9 16 53
9 17 223
9 18 483
9 19 409
9 20 307
9 21 197
9 22 191
9 23 313
9 24 392
9 25 506
9 26 61
9 27 337
9 28 244
9 29 63
9 30 172
9 31 276
9 32 187
9 33 200
9 34 344
9 35 302
9 36 102
9 37 217
9 38 462
9 39 305
9 40 330
9 41 495
9 42 411
9 43 263
9 44 323
9 45 181
9 46 239
9 47 173
9 48 131
9 49 293
9 50 222
9 51 280
9 52 331
9 53 488
9 54 512
9 55 384
9 56 94
9 57 193
9 58 549
9 59 296
9 60 474
9 61 343
9 62 512
9 63 213
9 64 355
9 65 199
9 66 199
9 67 206
9 68 363
9 69 160
9 70 242
9 71 90
9 72 417
9 73 317
9 74 216
9 75 84
9 76 79
9 77 262
9 78 155
9 79 193
9 80 268
9 81 310
9 82 225
9 83 199
9 84 47
9 85 383
9 86 391
9 87 328
9 88 377
9 89 354
9 90 134
9 91 494
9 92 252
9 93 451
9 94 376
9 95 232
9 96 32
9 97 157
9 98 156
9 99 129
9 100 174
10 11 99
10 12 473
10 13 141
10 14 293
10 15 524
10 16 77
10 17 111
10 18 581
10 19 512
10 20 405
10 21 294
10 22 302
10 23 366
10 24 430
10 25 587
10 26 61
10 27 357
10 28 340
10 29 180
10 30 99
10 31 348
10 32 262
10 33 291
10 34 440
10 35 340
10 36 178
10 37 298
10 38 515
10 39 412
10 40 443
10 41 580
10 42 505
10 43 362
10 44 328
10 45 153
10 46 351
10 47 131
10 48 111
10 49 296
10 50 181
10 51 390
10 52 334
10 53 549
10 54 590
10 55 438
10 56 81
10 57 303
10 58 642
10 59 314
10 60 575
10 61 438
10 62 591
10 63 327
10 64 371
10 65 189
10 66 314
10 67 277
10 68 368
10 69 89
10 70 353
10 71 159
10 72 486
10 73 403
10 74 331
10 75 200
10 76 101
10 77 314
10 78 237
10 79 310
10 80 264
10 81 408
10 82 330
10 83 264
10 84 135
10 85 465
10 86 476
10 87 408
10 88 470
10 89 441
10 90 217
10 91 554
10 92 366
10 93 464
10 94 458
10 95 334
10 96 148
10 97 237
10 98 81
10 99 140
10 100 291
11 12 375
11 13 170
11 14 277
11 15 454
11 16 36
11 17 207
11 18 495
11 19 422
11 20 319
11 21 207
11 22 206
11 23 315
11 24 392
11 25 514
11 26 47
11 27 333
11 28 255
11 29 80
11 30 155
11 31 282
11 32 192
11 33 215
11 34 355
11 35 301
11 36 105
11 37 224
11 38 465
11 39 319
11 40 346
11 41 504
11 42 422
11 43 275
11 44 317
11 45 168
11 46 255
11 47 159
11 48 118
11 49 286
11 50 208
11 51 295
11 52 324
11 53 493
11 54 520
11 55 386
11 56 85
11 57 211
11 58 560
11 59 291
11 60 487
11 61 354
11 62 520
11 63 232
11 64 350
11 65 189
11 66 216
11 67 211
11 68 357
11 69 148
11 70 257
11 71 98
11 72 423
11 73 326
11 74 232
11 75 101
11 76 67
11 77 264
11 78 168
11 79 211
11 80 260
11 81 322
11 82 242
11 83 203
11 84 50
11 85 391
11 86 400
11 87 336
11 88 388
11 89 363
11 90 147
11 91 498
11 92 271
11 93 447
11 94 384
11 95 244
11 96 50
11 97 163
11 98 139
11 99 120
11 100 192
12 13 468
12 14 424
12 15 279
12 16 397
12 17 582
12 18 205
12 19 125
12 20 147
12 21 206
12 22 171
12 23 324
12 24 399
12 25 301
12 26 421
12 27 424
12 28 178
12 29 295
12 30 490
12 31 260
12 32 273
12 33 324
12 34 156
12 35 366
12 36 314
12 37 243
12 38 390
12 39 91
12 40 36
12 41 273
12 42 181
12 43 159
12 44 452
12 45 449
12 46 125
12 47 462
12 48 427
12 49 445
12 50 485
12 51 92
12 52 460
12 53 374
12 54 318
12 55 345
12 56 444
12 57 247
12 58 277
12 59 411
12 60 178
12 61 159
12 62 317
12 63 214
12 64 441
12 65 432
12 66 159
12 67 274
12 68 474
12 69 513
12 70 123
12 71 378
12 72 301
12 73 205
12 74 143
12 75 274
12 76 389
12 77 323
12 78 350
12 79 176
12 80 447
12 81 143
12 82 263
12 83 293
12 84 340
12 85 233
12 86 221
12 87 235
12 88 176
12 89 205
12 90 351
12 91 384
12 92 195
12 93 503
12 94 235
12 95 165
12 96 332
12 97 275
12 98 482
12 99 394
12 100 194
13 14 163
13 15 441
13 16 134
13 17 210
13 18 526
13 19 471
13 20 362
13 21 263
13 22 303
13 23 266
13 24 312
13 25 505
13 26 171
13 27 229
13 28 302
13 29 223
13 30 52
13 31 272
13 32 205
13 33 385
13 34 390
13 35 227
13 36 157
13 37 243
13 38 404
13 39 389
13 40 433
13 41 505
13 42 448
13 43 325
13 44 194
13 45 22
13 46 344
13 47 11
13 48 53
13 49 161
13 50 40
13 51 376
13 52 198
13 53 445
13 54 505
13 55 332
13 56 212
13 57 370
13 58 577
13 59 188
13 60 528
13 61 387
13 62 505
13 63 383
13 64 240
13 65 61
13 66 324
13 67 212
13 68 232
13 69 230
13 70 346
13 71 266
13 72 395
13 73 340
13 74 344
13 75 235
13 76 106
13 77 217
13 78 339
13 79 340
13 80 128
13 81 366
13 82 405
13 83 193
13 84 159
13 85 391
13 86 406
13 87 334
13 88 413
13 89 375
13 90 317
13 91 448
13 92 419
13 93 329
13 94 383
13 95 306
13 96 212
13 97 195
13 98 64
13 99 75
13 100 325
14 15 308
14 16 252
14 17 373
14 18 417
14 19 385
14 20 287
14 21 230
14 22 294
14 23 130
14 24 151
14 25 370
14 26 301
14 27 66
14 28 247
14 29 286
14 30 215
14 31 171
14 32 163
14 33 462
14 34 301
14 35 79
14 36 195
14 37 183
14 38 246
14 39 333
14 40 388
14 41 377
14 42 344
14 43 265
14 44 41
14 45 144
14 46 318
14 47 169
14 48 182
14 49 20
14 50 139
14 51 335
14 52 49
14 53 292
14 54 366
14 55 182
14 56 347
14 57 420
14 58 455
14 59 27
14 60 428
14 61 297
14 62 366
14 63 420
14 64 78
14 65 104
14 66 321
14 67 154
14 68 80
14 69 382
14 70 318
14 71 372
14 72 255
14 73 242
14 74 340
14 75 286
14 76 213
14 77 104
14 78 429
14 79 355
14 80 40
14 81 291
14 82 459
14 83 138
14 84 237
14 85 273
14 86 291
14 87 224
14 88 312
14 89 269
14 90 410
14 91 293
14 92 447
14 93 172
14 94 265
14 95 264
14 96 297
14 97 180
14 98 225
14 99 160
14 100 347
15 16 453
15 17 630
15 18 135
15 19 163
15 20 168
15 21 255
15 22 298
15 23 179
15 24 191
15 25 63
15 26 498
15 27 265
15 28 214
15 29 403
15 30 486
15 31 175
15 32 263
15 33 526
15 34 135
15 35 229
15 36 350
15 37 229
15 38 129
15 39 217
15 40 258
15 41 69
15 42 100
15 43 202
15 44 311
15 45 418
15 46 272
15 47 442
15 48 429
15 49 325
15 50 433
15 51 245
15 52 315
15 53 98
15 54 66
15 55 134
15 56 539
15 57 453
15 58 149
15 59 282
15 60 160
15 61 133
15 62 66
15 63 430
15 64 272
15 65 382
15 66 315
15 67 246
15 68 309
15 69 599
15 70 268
15 71 513
15 72 55
15 73 131
15 74 319
15 75 386
15 76 422
15 77 223
15 78 526
15 79 359
15 80 348
15 81 168
15 82 484
15 83 260
15 84 403
15 85 65
15 86 65
15 87 117
15 88 104
15 89 98
15 90 516
15 91 108
15 92 431
15 93 286
15 94 70
15 95 235
15 96 437
15 97 291
15 98 488
15 99 391
15 100 368
16 17 188
16 18 504
16 19 434
16 20 328
16 21 216
16 22 226
16 23 303
16 24 376
16 25 514
16 26 50
16 27 311
16 28 263
16 29 109
16 30 118
16 31 278
16 32 189
16 33 252
16 34 363
16 35 284
16 36 103
16 37 224
16 38 454
16 39 334
16 40 366
16 41 507
16 42 429
16 43 285
16 44 291
16 45 134
16 46 274
16 47 123
16 48 83
16 49 260
16 50 173
16 51 313
16 52 298
16 53 485
16 54 519
16 55 375
16 56 97
16 57 246
16 58 567
16 59 269
16 60 498
16 61 362
16 62 519
16 63 266
16 64 328
16 65 158
16 66 238
16 67 206
16 68 331
16 69 146
16 70 276
16 71 132
16 72 418
16 73 329
16 74 256
16 75 128
16 76 39
16 77 251
16 78 204
16 79 239
16 80 231
16 81 331
16 82 278
16 83 195
16 84 57
16 85 392
16 86 402
16 87 335
16 88 394
16 89 366
16 90 183
16 91 490
16 92 304
16 93 424
16 94 385
16 95 256
16 96 84
16 97 162
16 98 103
16 99 91
16 100 221
17 18 691
17 19 623
17 20 516
17 21 405
17 22 413
17 23 465
17 24 520
17 25 693
17 26 162
17 27 440
17 28 451
17 29 287
17 30 158
17 31 454
17 32 370
17 33 367
17 34 550
17 35 432
17 36 288
17 37 407
17 38 610
17 39 523
17 40 553
17 41 688
17 42 615
17 43 473
17 44 404
17 45 229
17 46 461
17 47 204
17 48 203
17 49 372
17 50 241
17 51 501
17 52 408
17 53 648
17 54 696
17 55 535
17 56 152
17 57 395
17 58 752
17 59 398
17 60 686
17 61 548
17 62 696
17 63 423
17 64 451
17 65 270
17 66 423
17 67 384
17 68 441
17 69 96
17 70 464
17 71 238
17 72 589
17 73 512
17 74 439
17 75 308
17 76 210
17 77 413
17 78 312
17 79 415
17 80 338
17 81 519
17 82 417
17 83 369
17 84 246
17 85 572
17 86 584
17 87 514
17 88 580
17 89 549
17 90 294
17 91 651
17 92 462
17 93 539
17 94 565
17 95 445
17 96 252
17 97 346
17 98 149
17 99 239
17 100 396
18 19 85
18 20 176
18 21 288
18 22 302
18 23 288
18 24 321
18 25 118
18 26 542
18 27 386
18 28 241
18 29 428
18 30 564
18 31 255
18 32 325
18 33 511
18 34 140
18 35 340
18 36 403
18 37 286
18 38 265
18 39 190
18 40 201
18 41 87
18 42 77
18 43 220
18 44 428
18 45 503
18 46 260
18 47 524
18 48 501
18 49 436
18 50 526
18 51 221
18 52 434
18 53 227
18 54 136
18 55 262
18 56 578
18 57 433
18 58 73
18 59 394
18 60 31
18 61 142
18 62 135
18 63 403
18 64 396
18 65 472
18 66 308
18 67 314
18 68 433
18 69 643
18 70 256
18 71 531
18 72 187
18 73 185
18 74 303
18 75 408
18 76 482
18 77 319
18 78 525
18 79 344
18 80 453
18 81 173
18 82 456
18 83 332
18 84 448
18 85 145
18 86 126
18 87 195
18 88 113
18 89 151
18 90 520
18 91 237
18 92 392
18 93 420
18 94 153
18 95 251
18 96 466
18 97 345
18 98 561
18 99 463
18 100 359
19 20 109
19 21 218
19 22 222
19 23 262
19 24 318
19 25 177
19 26 469
19 27 366
19 28 172
19 29 351
19 30 504
19 31 213
19 32 266
19 33 425
19 34 84
19 35 312
19 36 336
19 37 228
19 38 286
19 39 107
19 40 117
19 41 148
19 42 63
19 43 150
19 44 403
19 45 449
19 46 177
19 47 468
19 48 441
19 49 405
19 50 477
19 51 137
19 52 410
19 53 261
19 54 194
19 55 259
19 56 502
19 57 348
19 58 158
19 59 364
19 60 66
19 61 87
19 62 193
19 63 318
19 64 379
19 65 422
19 66 225
19 67 259
19 68 415
19 69 569
19 70 174
19 71 451
19 72 198
19 73 142
19 74 219
19 75 330
19 76 415
19 77 281
19 78 441
19 79 260
19 80 416
19 81 105
19 82 371
19 83 278
19 84 377
19 85 134
19 86 117
19 87 163
19 88 77
19 89 120
19 90 437
19 91 271
19 92 307
19 93 422
19 94 139
19 95 178
19 96 388
19 97 282
19 98 500
19 99 404
19 100 275
20 21 112
20 22 134
20 23 177
20 24 252
20 25 215
20 26 366
20 27 279
20 28 65
20 29 254
20 30 395
20 31 116
20 32 157
20 33 360
20 34 37
20 35 222
20 36 228
20 37 119
20 38 254
20 39 59
20 40 114
20 41 196
20 42 104
20 43 44
20 44 311
20 45 341
20 46 104
20 47 359
20 48 332
20 49 307
20 50 370
20 51 81
20 52 318
20 53 250
20 54 226
20 55 200
20 56 402
20 57 285
20 58 242
20 59 270
20 60 170
20 61 37
20 62 226
20 63 262
20 64 295
20 65 315
20 66 148
20 67 151
20 68 329
20 69 467
20 70 100
20 71 360
20 72 170
20 73 59
20 74 151
20 75 234
20 76 307
20 77 183
20 78 363
20 79 191
20 80 315
20 81 4
20 82 316
20 83 170
20 84 272
20 85 106
20 86 103
20 87 89
20 88 72
20 89 72
20 90 356
20 91 259
20 92 265
20 93 356
20 94 104
20 95 76
20 96 291
20 97 173
20 98 391
20 99 294
20 100 202
21 22 67
21 23 170
21 24 260
21 25 312
21 26 254
21 27 249
21 28 47
21 29 148
21 30 290
21 31 108
21 32 68
21 33 284
21 34 147
21 35 193
21 36 118
21 37 52
21 38 300
21 39 125
21 40 171
21 41 299
21 42 214
21 43 68
21 44 265
21 45 244
21 46 88
21 47 258
21 48 226
21 49 250
21 50 278
21 51 114
21 52 273
21 53 314
21 54 320
21 55 227
21 56 291
21 57 220
21 58 352
21 59 223
21 60 281
21 61 146
21 62 320
21 63 209
21 64 268
21 65 225
21 66 94
21 67 76
21 68 295
21 69 356
21 70 89
21 71 257
21 72 236
21 73 124
21 74 111
21 75 130
21 76 197
21 77 142
21 78 275
21 79 136
21 80 247
21 81 114
21 82 257
21 83 92
21 84 160
21 85 190
21 86 196
21 87 141
21 88 180
21 89 159
21 90 263
21 91 322
21 92 228
21 93 351
21 94 184
21 95 43
21 96 183
21 97 68
21 98 284
21 99 190
21 100 135
22 23 237
22 24 326
22 25 349
22 26 253
22 27 316
22 28 87
22 29 130
22 30 320
22 31 173
22 32 131
22 33 229
22 34 172
22 35 260
22 36 145
22 37 120
22 38 360
22 39 115
22 40 140
22 41 331
22 42 237
22 43 95
22 44 330
22 45 285
22 46 48
22 47 295
22 48 258
22 49 313
22 50 324
22 51 89
22 52 339
22 53 368
22 54 359
22 55 290
22 56 281
22 57 159
22 58 372
22 59 289
22 60 289
22 61 172
22 62 359
22 63 143
22 64 335
22 65 274
22 66 27
22 67 142
22 68 361
22 69 350
22 70 51
22 71 229
22 72 288
22 73 170
22 74 46
22 75 108
22 76 217
22 77 210
22 78 229
22 79 69
22 80 307
22 81 135
22 82 194
22 83 155
22 84 168
22 85 233
22 86 234
22 87 194
22 88 207
22 89 199
22 90 221
22 91 377
22 92 160
22 93 418
22 94 229
22 95 63
22 96 168
22 97 118
22 98 311
22 99 227
22 100 72
23 24 89
23 25 242
23 26 353
23 27 103
23 28 161
23 29 289
23 30 313
23 31 67
23 32 130
23 33 449
23 34 182
23 35 52
23 36 210
23 37 119
23 38 150
23 39 233
23 40 290
23 41 247
23 42 216
23 43 171
23 44 141
23 45 243
23 46 242
23 47 268
23 48 261
23 49 148
23 50 254
23 51 244
23 52 148
23 53 183
23 54 240
23 55 72
23 56 398
23 57 390
23 58 324
23 59 106
23 60 300
23 61 178
23 62 240
23 63 379
23 64 118
23 65 205
23 66 264
23 67 111
23 68 153
23 69 449
23 70 240
23 71 395
23 72 129
23 73 123
23 74 278
23 75 279
23 76 268
23 77 52
23 78 431
23 79 306
23 80 168
23 81 181
23 82 428
23 83 113
23 84 265
23 85 143
23 86 161
23 87 98
23 88 186
23 89 142
23 90 416
23 91 187
23 92 397
23 93 184
23 94 135
23 95 185
23 96 314
23 97 161
23 98 318
23 99 226
23 100 306
24 25 243
24 26 426
24 27 88
24 28 248
24 29 374
24 30 363
24 31 154
24 32 217
24 33 538
24 34 247
24 35 91
24 36 291
24 37 209
24 38 97
24 39 311
24 40 367
24 41 259
24 42 261
24 43 255
24 44 135
24 45 291
24 46 329
24 47 316
24 48 320
24 49 160
24 50 290
24 51 326
24 52 137
24 53 146
24 54 235
24 55 60
24 56 473
24 57 480
24 58 339
24 59 123
24 60 341
24 61 243
24 62 235
24 63 469
24 64 88
24 65 250
24 66 353
24 67 199
24 68 122
24 69 517
24 70 327
24 71 477
24 72 136
24 73 193
24 74 366
24 75 366
24 76 338
24 77 131
24 78 518
24 79 396
24 80 190
24 81 256
24 82 518
24 83 197
24 84 344
24 85 184
24 86 203
24 87 164
24 88 240
24 89 199
24 90 502
24 91 145
24 92 486
24 93 104
24 94 178
24 95 272
24 96 397
24 97 247
24 98 371
24 99 290
24 100 395
25 26 559
25 27 323
25 28 268
25 29 460
25 30 550
25 31 238
25 32 325
25 33 574
25 34 178
25 35 290
25 36 412
25 37 290
25 38 165
25 39 256
25 40 287
25 41 31
25 42 123
25 43 254
25 44 370
25 45 482
25 46 317
25 47 506
25 48 492
25 49 385
25 50 496
25 51 286
25 52 374
25 53 118
25 54 18
25 55 191
25 56 600
25 57 499
25 58 100
25 59 343
25 60 149
25 61 178
25 62 17
25 63 474
25 64 328
25 65 445
25 66 363
25 67 309
25 68 364
25 69 660
25 70 313
25 71 569
25 72 114
25 73 188
25 74 364
25 75 442
25 76 485
25 77 287
25 78 578
25 79 406
25 80 409
25 81 214
25 82 528
25 83 323
25 84 464
25 85 123
25 86 116
25 87 179
25 88 143
25 89 152
25 90 569
25 91 127
25 92 471
25 93 330
25 94 129
25 95 288
25 96 495
25 97 352
25 98 551
25 99 455
25 100 417
26 27 361
26 28 302
26 29 125
26 30 142
26 31 324
26 32 235
26 33 232
26 34 402
26 35 334
26 36 147
26 37 269
26 38 503
26 39 366
26 40 392
26 41 550
26 42 469
26 43 322
26 44 340
26 45 175
26 46 301
26 47 160
26 48 125
26 49 308
26 50 211
26 51 342
26 52 347
26 53 533
26 54 564
26 55 425
26 56 47
26 57 242
26 58 607
26 59 318
26 60 534
26 61 401
26 62 564
26 63 266
26 64 377
26 65 204
26 66 261
26 67 253
26 68 380
26 69 101
26 70 304
26 71 101
26 72 465
26 73 372
26 74 277
26 75 146
26 76 88
26 77 301
26 78 179
26 79 253
26 80 279
26 81 369
26 82 269
26 83 243
26 84 95
26 85 436
26 86 445
26 87 380
26 88 434
26 89 409
26 90 158
26 91 538
26 92 305
26 93 473
26 94 429
26 95 291
26 96 90
26 97 206
26 98 124
26 99 140
26 100 234
27 28 253
27 29 332
27 30 281
27 31 164
27 32 189
27 33 505
27 34 285
27 35 58
27 36 242
27 37 197
27 38 186
27 39 333
27 40 389
27 41 335
27 42 317
27 43 267
27 44 47
27 45 210
27 46 331
27 47 235
27 48 246
27 49 71
27 50 204
27 51 340
27 52 50
27 53 234
27 54 317
27 55 132
27 56 408
27 57 456
27 58 414
27 59 43
27 60 400
27 61 281
27 62 317
27 63 452
27 64 19
27 65 170
27 66 344
27 67 175
27 68 50
27 69 446
27 70 330
27 71 426
27 72 210
27 73 226
27 74 361
27 75 329
27 76 272
27 77 107
27 78 477
27 79 382
27 80 103
27 81 283
27 82 495
27 83 165
27 84 290
27 85 241
27 86 260
27 87 202
27 88 289
27 89 245
27 90 459
27 91 233
27 92 475
27 93 113
27 94 234
27 95 274
27 96 348
27 97 213
27 98 291
27 99 221
27 100 378
28 29 192
28 30 333
28 31 94
28 32 98
28 33 316
28 34 100
28 35 195
28 36 163
28 37 65
28 38 274
28 39 89
28 40 141
28 41 254
28 42 167
28 43 22
28 44 277
28 45 281
28 46 80
28 47 298
28 48 269
28 49 267
28 50 313
28 51 87
28 52 285
28 53 281
28 54 277
28 55 206
28 56 338
28 57 246
28 58 305
28 59 235
28 60 235
28 61 99
28 62 277
28 63 228
28 64 271
28 65 259
28 66 109
28 67 97
28 68 302
28 69 403
28 70 79
28 71 301
28 72 201
28 73 83
28 74 120
28 75 174
28 76 243
28 77 148
28 78 312
28 79 154
28 80 269
28 81 67
28 82 281
28 83 116
28 84 207
28 85 148
28 86 152
28 87 106
28 88 133
28 89 116
28 90 302
28 91 289
28 92 240
28 93 346
28 94 144
28 95 25
28 96 229
28 97 109
28 98 328
28 99 232
28 100 159
29 30 223
29 31 242
29 32 158
29 33 175
29 34 291
29 35 289
29 36 91
29 37 179
29 38 434
29 39 245
29 40 267
29 41 446
29 42 358
29 43 210
29 44 327
29 45 214
29 46 178
29 47 213
29 48 171
29 49 301
29 50 256
29 51 219
29 52 336
29 53 455
29 54 468
29 55 357
29 56 151
29 57 146
29 58 496
29 59 294
29 60 417
29 61 290
29 62 468
29 63 160
29 64 351
29 65 222
29 66 136
29 67 177
29 68 366
29 69 219
29 70 181
29 71 110
29 72 379
29 73 272
29 74 152
29 75 21
29 76 118
29 77 243
29 78 145
29 79 130
29 80 281
29 81 256
29 82 182
29 83 177
29 84 64
29 85 338
29 86 344
29 87 287
29 88 325
29 89 307
29 90 128
29 91 462
29 92 197
29 93 445
29 94 332
29 95 177
29 96 37
29 97 127
29 98 209
29 99 154
29 100 112
30 31 314
30 32 239
30 33 369
30 34 425
30 35 277
30 36 176
30 37 277
30 38 454
30 39 416
30 40 457
30 41 548
30 42 486
30 43 356
30 44 246
30 45 72
30 46 365
30 47 46
30 48 64
30 49 213
30 50 86
30 51 400
30 52 250
30 53 495
30 54 550
30 55 382
30 56 177
30 57 365
30 58 618
30 59 240
30 60 564
30 61 423
30 62 551
30 63 382
30 64 293
30 65 112
30 66 339
30 67 249
30 68 283
30 69 183
30 70 367
30 71 243
30 72 441
30 73 379
30 74 358
30 75 238
30 76 105
30 77 264
30 78 319
30 79 348
30 80 180
30 81 399
30 82 397
30 83 231
30 84 160
30 85 433
30 86 447
30 87 376
30 88 450
30 89 415
30 90 298
30 91 497
30 92 420
30 93 381
30 94 425
30 95 333
30 96 203
30 97 223
30 98 18
30 99 100
30 100 331
31 32 89
31 33 392
31 34 129
31 35 106
31 36 177
31 37 62
31 38 194
31 39 169
31 40 225
31 41 235
31 42 178
31 43 104
31 44 194
31 45 249
31 46 175
31 47 271
31 48 254
31 49 192
31 50 271
31 51 177
31 52 202
31 53 213
31 54 242
31 55 119
31 56 368
31 57 329
31 58 304
31 59 153
31 60 261
31 61 126
31 62 242
31 63 316
31 64 181
31 65 216
31 66 198
31 67 71
31 68 214
31 69 425
31 70 173
31 71 351
31 72 140
31 73 72
31 74 212
31 75 229
31 76 247
31 77 67
31 78 379
31 79 242
31 80 203
31 81 120
31 82 366
31 83 84
31 84 231
31 85 119
31 86 134
31 87 62
31 88 144
31 89 103
31 90 365
31 91 220
31 92 332
31 93 251
31 94 111
31 95 118
31 96 272
31 97 119
31 98 314
31 99 216
31 100 243
32 33 321
32 34 186
32 35 137
32 36 87
32 37 38
32 38 277
32 39 187
32 40 237
32 41 318
32 42 248
32 43 121
32 44 199
32 45 183
32 46 157
32 47 201
32 48 176
32 49 182
32 50 214
32 51 180
32 52 208
32 53 301
32 54 329
32 55 199
32 56 278
32 57 268
32 58 382
32 59 159
32 60 324
32 61 184
32 62 330
32 63 262
32 64 208
32 65 160
32 66 158
32 67 19
32 68 232
32 69 336
32 70 157
32 71 265
32 72 230
32 73 142
32 74 176
32 75 148
32 76 160
32 77 88
32 78 301
32 79 194
32 80 178
32 81 161
32 82 306
32 83 25
32 84 141
32 85 203
32 86 214
32 87 146
32 88 212
32 89 179
32 90 285
32 91 307
32 92 287
32 93 297
32 94 196
32 95 107
32 96 185
32 97 31
32 98 236
32 99 138
32 100 188
33 34 396
33 35 458
33 36 267
33 37 331
33 38 585
33 39 323
33 40 313
33 41 554
33 42 456
33 43 324
33 44 503
33 45 380
33 46 257
33 47 374
33 48 332
33 49 476
33 50 422
33 51 291
33 52 511
33 53 596
33 54 586
33 55 511
33 56 218
33 57 77
33 58 584
33 59 468
33 60 490
33 61 396
33 62 586
33 63 109
33 64 524
33 65 394
33 66 211
33 67 339
33 68 541
33 69 273
33 70 260
33 71 132
33 72 517
33 73 399
33 74 210
33 75 176
33 76 279
33 77 409
33 78 55
33 79 168
33 80 456
33 81 359
33 82 65
33 83 343
33 84 232
33 85 462
33 86 462
33 87 422
33 88 431
33 89 428
33 90 74
33 91 605
33 92 135
33 93 617
33 94 458
33 95 292
33 96 173
33 97 293
33 98 352
33 99 324
33 100 158
34 35 230
34 36 262
34 37 147
34 38 234
34 39 82
34 40 128
34 41 159
34 42 66
34 43 81
34 44 321
34 45 368
34 46 138
34 47 387
34 48 362
34 49 321
34 50 394
34 51 110
34 52 328
34 53 223
34 54 190
34 55 190
34 56 439
34 57 320
34 58 205
34 59 281
34 60 138
34 61 3
34 62 190
34 63 296
34 64 300
34 65 339
34 66 184
34 67 177
34 68 335
34 69 504
34 70 135
34 71 398
34 72 147
34 73 59
34 74 186
34 75 272
34 76 341
34 77 197
34 78 401
34 79 227
34 80 332
34 81 36
34 82 350
34 83 196
34 84 308
34 85 79
34 86 71
34 87 84
34 88 35
34 89 49
34 90 393
34 91 233
34 92 296
34 93 351
34 94 80
34 95 114
34 96 328
34 97 205
34 98 422
34 99 324
34 100 238
35 36 202
35 37 140
35 38 177
35 39 275
35 40 331
35 41 297
35 42 268
35 43 209
35 44 90
35 45 205
35 46 274
35 47 230
35 48 230
35 49 97
35 50 210
35 51 282
35 52 97
35 53 218
35 54 287
35 55 106
35 56 381
35 57 405
35 58 375
35 59 54
35 60 352
35 61 227
35 62 287
35 63 399
35 64 76
35 65 165
35 66 288
35 67 121
35 68 107
35 69 426
35 70 273
35 71 389
35 72 176
35 73 171
35 74 304
35 75 282
35 76 246
35 77 50
35 78 434
35 79 328
35 80 119
35 81 226
35 82 443
35 83 114
35 84 254
35 85 195
35 86 213
35 87 149
35 88 238
35 89 194
35 90 417
35 91 221
35 92 420
35 93 160
35 94 187
35 95 217
35 96 309
35 97 164
35 98 283
35 99 199
35 100 324
36 37 121
36 38 360
36 39 241
36 40 281
36 41 403
36 42 327
36 43 186
36 44 236
36 45 142
36 46 189
36 47 150
36 48 112
36 49 209
36 50 182
36 51 224
36 52 244
36 53 387
36 54 417
36 55 282
36 56 191
36 57 230
36 58 464
36 59 203
36 60 398
36 61 260
36 62 417
36 63 236
36 64 261
36 65 138
36 66 166
36 67 105
36 68 274
36 69 248
36 70 191
36 71 186
36 72 317
36 73 226
36 74 186
36 75 92
36 76 79
36 77 160
36 78 235
36 79 184
36 80 191
36 81 231
36 82 268
36 83 97
36 84 55
36 85 289
36 86 299
36 87 232
36 88 292
36 89 263
36 90 216
36 91 393
36 92 269
36 93 356
36 94 282
36 95 160
36 96 106
36 97 59
36 98 168
36 99 81
36 100 171
37 38 256
37 39 154
37 40 206
37 41 282
37 42 209
37 43 86
37 44 215
37 45 221
37 46 135
37 47 239
37 48 215
37 49 204
37 50 250
37 51 151
37 52 224
37 53 275
37 54 295
37 55 180
37 56 310
37 57 271
37 58 344
37 59 174
37 60 286
37 61 145
37 62 295
37 63 260
37 64 216
37 65 196
37 66 147
37 67 32
37 68 244
37 69 370
37 70 135
37 71 289
37 72 200
37 73 104
37 74 163
37 75 166
37 76 197
37 77 90
37 78 317
37 79 188
37 80 204
37 81 123
37 82 308
37 83 52
37 84 174
37 85 167
37 86 177
37 87 111
37 88 173
37 89 142
37 90 303
37 91 282
37 92 280
37 93 298
37 94 160
37 95 80
37 96 210
37 97 62
37 98 275
37 99 177
37 100 186
38 39 313
38 40 363
38 41 187
38 42 223
38 43 273
38 44 233
38 45 382
38 46 349
38 47 408
38 48 407
38 49 257
38 50 385
38 51 335
38 52 234
38 53 51
38 54 152
38 55 78
38 56 549
38 57 519
38 58 265
38 59 219
38 60 290
38 61 231
38 62 153
38 63 503
38 64 185
38 65 342
38 66 383
38 67 258
38 68 216
38 69 599
38 70 346
38 71 543
38 72 89
38 73 198
38 74 393
38 75 422
38 76 418
38 77 202
38 78 573
38 79 429
38 80 287
38 81 257
38 82 555
38 83 263
38 84 415
38 85 157
38 86 170
38 87 169
38 88 215
38 89 185
38 90 559
38 91 48
38 92 513
38 93 166
38 94 154
38 95 299
38 96 462
38 97 308
38 98 461
38 99 374
38 100 433
39 40 56
39 41 232
39 42 134
39 43 68
39 44 361
39 45 368
39 46 70
39 47 384
39 48 352
39 49 354
39 50 401
39 51 31
39 52 369
39 53 305
39 54 269
39 55 260
39 56 396
39 57 246
39 58 262
39 59 319
39 60 174
39 61 84
39 62 269
39 63 218
39 64 350
39 65 347
39 66 118
39 67 186
39 68 383
39 69 464
39 70 66
39 71 343
39 72 227
39 73 119
39 74 113
39 75 224
39 76 320
39 77 231
39 78 334
39 79 155
39 80 358
39 81 56
39 82 273
39 83 206
39 84 277
39 85 160
39 86 153
39 87 149
39 88 113
39 89 128
39 90 330
39 91 315
39 92 215
39 93 414
39 94 160
39 95 82
39 96 283
39 97 194
39 98 409
39 99 316
39 100 169
40 41 261
40 42 164
40 43 123
40 44 417
40 45 414
40 46 92
40 47 428
40 48 393
40 49 409
40 50 449
40 51 57
40 52 425
40 53 351
40 54 303
40 55 314
40 56 418
40 57 235
40 58 275
40 59 375
40 60 178
40 61 131
40 62 302
40 63 204
40 64 406
40 65 396
40 66 131
40 67 238
40 68 439
40 69 487
40 70 90
40 71 355
40 72 275
40 73 173
40 74 118
40 75 246
40 76 356
40 77 287
40 78 334
40 79 155
40 80 411
40 81 110
40 82 256
40 83 257
40 84 309
40 85 207
40 86 197
40 87 203
40 88 153
40 89 177
40 90 333
40 91 361
40 92 191
40 93 470
40 94 208
40 95 129
40 96 305
40 97 239
40 98 449
40 99 359
40 100 173
41 42 98
41 43 238
41 44 380
41 45 482
41 46 296
41 47 505
41 48 489
41 49 394
41 50 499
41 51 263
41 52 385
41 53 145
41 54 49
41 55 203
41 56 589
41 57 478
41 58 80
41 59 351
41 60 117
41 61 159
41 62 48
41 63 451
41 64 342
41 65 447
41 66 343
41 67 303
41 68 378
41 69 651
41 70 293
41 71 555
41 72 124
41 73 177
41 74 343
41 75 428
41 76 479
41 77 289
41 78 560
41 79 385
41 80 416
41 81 195
41 82 506
41 83 319
41 84 454
41 85 115
41 86 104
41 87 173
41 88 123
41 89 140
41 90 552
41 91 154
41 92 447
41 93 350
41 94 123
41 95 271
41 96 482
41 97 344
41 98 549
41 99 452
41 100 397
42 43 148
42 44 358
42 45 426
42 46 199
42 47 446
42 48 424
42 49 363
42 50 449
42 51 165
42 52 364
42 53 198
42 54 138
42 55 201
42 56 506
42 57 380
42 58 138
42 59 321
42 60 84
42 61 68
42 62 138
42 63 353
42 64 329
42 65 395
42 66 247
42 67 236
42 68 366
42 69 570
42 70 196
42 71 464
42 72 136
42 73 108
42 74 246
42 75 339
42 76 405
42 77 243
42 78 464
42 79 287
42 80 379
42 81 102
42 82 407
42 83 255
42 84 374
42 85 77
42 86 58
42 87 120
42 88 35
42 89 75
42 90 458
42 91 208
42 92 348
42 93 364
42 94 84
42 95 181
42 96 395
42 97 269
42 98 484
42 99 386
42 100 300
43 44 293
43 45 304
43 46 76
43 47 321
43 48 292
43 49 286
43 50 335
43 51 72
43 52 301
43 53 276
43 54 264
43 55 209
43 56 358
43 57 252
43 58 286
43 59 252
43 60 213
43 61 80
43 62 264
43 63 231
43 64 285
43 65 281
43 66 113
43 67 118
43 68 317
43 69 423
43 70 73
43 71 317
43 72 195
43 73 76
43 74 120
43 75 191
43 76 265
43 77 164
43 78 324
43 79 158
43 80 289
43 81 46
43 82 285
43 83 138
43 84 228
43 85 138
43 86 139
43 87 103
43 88 115
43 89 104
43 90 315
43 91 285
43 92 240
43 93 355
43 94 134
43 95 33
43 96 247
43 97 132
43 98 351
43 99 255
43 100 166
44 45 177
44 46 351
44 47 201
44 48 218
44 49 32
44 50 164
44 51 365
44 52 8
44 53 281
44 54 364
44 55 179
44 56 386
44 57 460
44 58 460
44 59 41
44 60 442
44 61 317
44 62 364
44 63 459
44 64 50
44 65 139
44 66 357
44 67 188
44 68 40
44 69 418
44 70 351
44 71 413
44 72 256
44 73 262
44 74 376
44 75 327
44 76 252
44 77 129
44 78 470
44 79 393
44 80 65
44 81 315
44 82 498
44 83 174
44 84 278
44 85 284
44 86 302
44 87 240
44 88 328
44 89 284
44 90 451
44 91 281
44 92 485
44 93 136
44 94 276
44 95 295
44 96 338
44 97 218
44 98 257
44 99 199
44 100 386
45 46 326
45 47 25
45 48 50
45 49 144
45 50 42
45 51 357
45 52 182
45 53 423
45 54 482
45 55 310
45 56 219
45 57 361
45 58 554
45 59 169
45 60 505
45 61 365
45 62 482
45 63 372
45 64 222
45 65 40
45 66 308
45 67 190
45 68 216
45 69 242
45 70 327
45 71 266
45 72 372
45 73 317
45 74 328
45 75 224
45 76 101
45 77 195
45 78 336
45 79 326
45 80 112
45 81 344
45 82 396
45 83 171
45 84 151
45 85 368
45 86 383
45 87 311
45 88 390
45 89 352
45 90 315
45 91 426
45 92 408
45 93 313
45 94 360
45 95 286
45 96 206
45 97 175
45 98 81
45 99 61
45 100 311
46 47 338
46 48 302
46 49 338
46 50 363
46 51 41
46 52 360
46 53 350
46 54 329
46 55 285
46 56 329
46 57 182
46 58 332
46 59 310
46 60 244
46 61 139
46 62 329
46 63 158
46 64 350
46 65 311
46 66 48
46 67 164
46 68 379
46 69 398
46 70 3
46 71 273
46 72 270
46 73 152
46 74 47
46 75 156
46 76 264
46 77 225
46 78 265
46 79 88
46 80 336
46 81 103
46 82 212
46 83 181
46 84 216
46 85 209
46 86 207
46 87 180
46 88 173
46 89 175
46 90 260
46 91 360
46 92 163
46 93 426
46 94 207
46 95 57
46 96 216
46 97 153
46 98 357
46 99 269
46 100 100
47 48 42
47 49 169
47 50 51
47 51 371
47 52 206
47 53 448
47 54 506
47 55 335
47 56 201
47 57 360
47 58 576
47 59 194
47 60 525
47 61 384
47 62 506
47 63 373
47 64 247
47 65 66
47 66 316
47 67 210
47 68 240
47 69 220
47 70 339
47 71 255
47 72 396
47 73 338
47 74 336
47 75 226
47 76 96
47 77 219
47 78 327
47 79 331
47 80 136
47 81 362
47 82 394
47 83 191
47 84 149
47 85 391
47 86 405
47 87 333
47 88 411
47 89 373
47 90 306
47 91 451
47 92 410
47 93 337
47 94 383
47 95 301
47 96 201
47 97 189
47 98 55
47 99 68
47 100 316
48 49 186
48 50 90
48 51 337
48 52 225
48 53 444
48 54 494
48 55 332
48 56 170
48 57 317
48 58 557
48 59 203
48 60 500
48 61 360
48 62 494
48 63 331
48 64 260
48 65 80
48 66 278
48 67 187
48 68 258
48 69 200
48 70 304
48 71 215
48 72 386
48 73 317
48 74 297
48 75 184
48 76 53
48 77 210
48 78 286
48 79 290
48 80 155
48 81 335
48 82 351
48 83 170
48 84 106
48 85 374
48 86 387
48 87 316
48 88 388
48 89 353
48 90 265
48 91 448
48 92 367
48 93 354
48 94 366
48 95 269
48 96 159
48 97 159
48 98 60
48 99 37
48 100 274
49 50 133
49 51 355
49 52 38
49 53 303
49 54 381
49 55 196
49 56 354
49 57 437
49 58 472
49 59 42
49 60 447
49 61 317
49 62 381
49 63 437
49 64 79
49 65 106
49 66 340
49 67 174
49 68 72
49 69 385
49 70 338
49 71 383
49 72 271
49 73 262
49 74 359
49 75 301
49 76 221
49 77 124
49 78 442
49 79 374
49 80 33
49 81 311
49 82 475
49 83 158
49 84 249
49 85 291
49 86 309
49 87 243
49 88 332
49 89 288
49 90 423
49 91 304
49 92 466
49 93 168
49 94 283
49 95 284
49 96 309
49 97 198
49 98 225
49 99 168
49 100 365
50 51 392
50 52 167
50 53 428
50 54 495
50 55 317
50 56 253
50 57 403
50 58 573
50 59 166
50 60 531
50 61 391
50 62 495
50 63 414
50 64 213
50 65 54
50 66 347
50 67 218
50 68 199
50 69 268
50 70 364
50 71 305
50 72 384
50 73 341
50 74 367
50 75 266
50 76 143
50 77 210
50 78 377
50 79 366
50 80 100
50 81 373
50 82 439
50 83 199
50 84 193
50 85 387
50 86 403
50 87 332
50 88 414
50 89 374
50 90 356
50 91 430
50 92 449
50 93 297
50 94 379
50 95 320
50 96 248
50 97 210
50 98 101
50 99 102
50 100 352
51 52 373
51 53 331
51 54 299
51 55 278
51 56 371
51 57 215
51 58 293
51 59 323
51 60 204
51 61 111
51 62 299
51 63 187
51 64 358
51 65 339
51 66 88
51 67 182
51 68 389
51 69 439
51 70 38
51 71 315
51 72 252
51 73 138
51 74 82
51 75 198
51 76 301
51 77 235
51 78 303
51 79 123
51 80 356
51 81 79
51 82 242
51 83 201
51 84 255
51 85 186
51 86 181
51 87 168
51 88 143
51 89 153
51 90 299
51 91 340
51 92 186
51 93 427
51 94 185
51 95 72
51 96 257
51 97 182
51 98 393
51 99 302
51 100 138
52 53 283
52 54 367
52 55 182
52 56 393
52 57 469
52 58 464
52 59 50
52 60 448
52 61 324
52 62 368
52 63 468
52 64 49
52 65 145
52 66 366
52 67 197
52 68 33
52 69 424
52 70 359
52 71 421
52 72 260
52 73 269
52 74 384
52 75 335
52 76 259
52 77 137
52 78 478
52 79 402
52 80 70
52 81 322
52 82 507
52 83 183
52 84 286
52 85 289
52 86 308
52 87 246
52 88 335
52 89 291
52 90 459
52 91 282
52 92 494
52 93 131
52 94 281
52 95 304
52 96 346
52 97 227
52 98 262
52 99 206
52 100 395
53 54 104
53 55 112
53 56 578
53 57 527
53 58 218
53 59 264
53 60 255
53 61 221
53 62 105
53 63 507
53 64 234
53 65 383
53 66 389
53 67 282
53 68 267
53 69 631
53 70 347
53 71 565
53 72 80
53 73 199
53 74 396
53 75 441
53 76 450
53 77 235
53 78 589
53 79 434
53 80 332
53 81 251
53 82 561
53 83 290
53 84 442
53 85 145
53 86 154
53 87 174
53 88 198
53 89 177
53 90 577
53 91 10
53 92 514
53 93 216
53 94 145
53 95 305
53 96 485
53 97 332
53 98 500
53 99 410
53 100 440
54 55 185
54 56 606
54 57 511
54 58 114
54 59 339
54 60 167
54 61 190
54 62 0
54 63 487
54 64 321
54 65 445
54 66 375
54 67 313
54 68 357
54 69 665
54 70 326
54 71 578
54 72 110
54 73 196
54 74 377
54 75 450
54 76 489
54 77 287
54 78 588
54 79 418
54 80 406
54 81 226
54 82 541
54 83 326
54 84 469
54 85 130
54 86 125
54 87 184
54 88 156
54 89 161
54 90 579
54 91 112
54 92 485
54 93 318
54 94 136
54 95 298
54 96 502
54 97 357
54 98 553
54 99 457
54 100 428
55 56 470
55 57 448
55 58 283
55 59 155
55 60 281
55 61 187
55 62 185
55 63 434
55 64 138
55 65 271
55 66 315
55 67 180
55 68 174
55 69 521
55 70 283
55 71 464
55 72 78
55 73 141
55 74 327
55 75 345
55 76 340
55 77 124
55 78 497
55 79 359
55 80 223
55 81 203
55 82 484
55 83 184
55 84 336
55 85 125
55 86 143
55 87 110
55 88 181
55 89 142
55 90 483
55 91 116
55 92 447
55 93 163
55 94 119
55 95 232
55 96 384
55 97 230
55 98 387
55 99 298
55 100 362
56 57 243
56 58 644
56 59 365
56 60 568
56 61 437
56 62 606
56 63 271
56 64 424
56 65 250
56 66 286
56 67 296
56 68 427
56 69 69
56 70 332
56 71 86
56 72 508
56 73 412
56 74 300
56 75 172
56 76 135
56 77 347
56 78 162
56 79 271
56 80 325
56 81 404
56 82 264
56 83 287
56 84 136
56 85 477
56 86 485
56 87 422
56 88 471
56 89 448
56 90 143
56 91 583
56 92 310
56 93 520
56 94 470
56 95 326
56 96 113
56 97 249
56 98 159
56 99 187
56 100 252
57 58 507
57 59 423
57 60 413
57 61 321
57 62 511
57 63 34
57 64 475
57 65 367
57 66 138
57 67 284
57 68 496
57 69 307
57 70 185
57 71 159
57 72 447
57 73 328
57 74 134
57 75 138
57 76 264
57 77 355
57 78 106
57 79 93
57 80 421
57 81 285
57 82 38
57 83 292
57 84 210
57 85 389
57 86 388
57 87 353
57 88 355
57 89 355
57 90 113
57 91 536
57 92 69
57 93 565
57 94 386
57 95 221
57 96 161
57 97 243
57 98 350
57 99 301
57 100 86
58 59 429
58 60 99
58 61 206
58 62 114
58 63 477
58 64 422
58 65 520
58 66 380
58 67 369
58 68 458
58 69 708
58 70 328
58 71 601
58 72 204
58 73 240
58 74 376
58 75 476
58 76 542
58 77 363
58 78 597
58 79 417
58 80 493
58 81 240
58 82 530
58 83 386
58 84 512
58 85 185
58 86 170
58 87 242
58 88 172
58 89 203
58 90 592
58 91 227
58 92 466
58 93 429
58 94 194
58 95 319
58 96 533
58 97 405
58 98 617
58 99 519
58 100 432
59 60 405
59 61 278
59 62 339
59 63 420
59 64 59
59 65 128
59 66 317
59 67 147
59 68 73
59 69 403
59 70 309
59 71 385
59 72 229
59 73 222
59 74 335
59 75 292
59 76 230
59 77 88
59 78 438
59 79 353
59 80 68
59 81 274
59 82 461
59 83 134
59 84 249
59 85 249
59 86 267
59 87 202
59 88 291
59 89 247
59 90 420
59 91 265
59 92 446
59 93 155
59 94 241
59 95 254
59 96 308
59 97 180
59 98 249
59 99 178
59 100 347
60 61 140
60 62 166
60 63 382
60 64 412
60 65 476
60 66 292
60 67 315
60 68 449
60 69 635
60 70 241
60 71 518
60 72 208
60 73 189
60 74 286
60 75 396
60 76 478
60 77 327
60 78 507
60 79 326
60 80 462
60 81 167
60 82 434
60 83 334
60 84 441
60 85 159
60 86 140
60 87 204
60 88 116
60 89 159
60 90 503
60 91 265
60 92 369
60 93 442
60 94 166
60 95 243
60 96 455
60 97 342
60 98 560
60 99 463
60 100 342
61 62 189
61 63 297
61 64 296
61 65 336
61 66 185
61 67 174
61 68 332
61 69 502
61 70 136
61 71 397
61 72 144
61 73 55
61 74 187
61 75 271
61 76 339
61 77 193
61 78 401
61 79 228
61 80 329
61 81 36
61 82 351
61 83 193
61 84 306
61 85 76
61 86 69
61 87 80
61 88 35
61 89 46
61 90 393
61 91 231
61 92 297
61 93 348
61 94 77
61 95 113
61 96 327
61 97 203
61 98 420
61 99 322
61 100 239
62 63 486
62 64 322
62 65 445
62 66 374
62 67 313
62 68 357
62 69 665
62 70 325
62 71 578
62 72 111
62 73 195
62 74 376
62 75 450
62 76 489
62 77 287
62 78 588
62 79 417
62 80 406
62 81 226
62 82 541
62 83 326
62 84 469
62 85 130
62 86 125
62 87 184
62 88 156
62 89 161
62 90 579
62 91 113
62 92 484
62 93 319
62 94 136
62 95 297
62 96 502
62 97 357
62 98 553
62 99 457
62 100 428
63 64 471
63 65 375
63 66 119
63 67 277
63 68 494
63 69 337
63 70 161
63 71 189
63 72 427
63 73 308
63 74 111
63 75 147
63 76 279
63 77 348
63 78 140
63 79 74
63 80 424
63 81 261
63 82 54
63 83 287
63 84 224
63 85 367
63 86 365
63 87 334
63 88 330
63 89 333
63 90 146
63 91 516
63 92 39
63 93 558
63 94 365
63 95 203
63 96 181
63 97 240
63 98 368
63 99 311
63 100 74
64 65 183
64 66 363
64 67 194
64 68 37
64 69 460
64 70 349
64 71 444
64 72 217
64 73 241
64 74 380
64 75 347
64 76 289
64 77 125
64 78 496
64 79 401
64 80 112
64 81 299
64 82 514
64 83 184
64 84 308
64 85 253
64 86 271
64 87 216
64 88 302
64 89 258
64 90 477
64 91 233
64 92 494
64 93 96
64 94 245
64 95 293
64 96 366
64 97 232
64 98 303
64 99 237
64 100 397
65 66 298
65 67 164
65 68 178
65 69 279
65 70 312
65 71 288
65 72 334
65 73 287
65 74 319
65 75 228
65 76 121
65 77 158
65 78 353
65 79 322
65 80 75
65 81 319
65 82 404
65 83 144
65 84 161
65 85 334
65 86 350
65 87 278
65 88 360
65 89 320
65 90 333
65 91 386
65 92 408
65 93 275
65 94 326
65 95 267
65 96 221
65 97 158
65 98 121
65 99 70
65 100 309
66 67 169
66 68 389
66 69 355
66 70 51
66 71 226
66 72 309
66 73 190
66 74 20
66 75 115
66 76 234
66 77 237
66 78 217
66 79 45
66 80 333
66 81 148
66 82 172
66 83 183
66 84 183
66 85 251
66 86 250
66 87 215
66 88 220
66 89 217
66 90 212
66 91 398
66 92 133
66 93 445
66 94 248
66 95 84
66 96 173
66 97 144
66 98 328
66 99 248
66 100 53
67 68 219
67 69 353
67 70 163
67 71 284
67 72 212
67 73 129
67 74 187
67 75 167
67 76 176
67 77 71
67 78 319
67 79 207
67 80 173
67 81 155
67 82 322
67 83 19
67 84 160
67 85 188
67 86 200
67 87 130
67 88 201
67 89 166
67 90 304
67 91 288
67 92 300
67 93 281
67 94 180
67 95 110
67 96 204
67 97 50
67 98 248
67 99 149
67 100 203
68 69 457
68 70 378
68 71 453
68 72 253
68 73 277
68 74 406
68 75 364
68 76 293
68 77 154
68 78 509
68 79 426
68 80 104
68 81 334
68 82 535
68 83 207
68 84 318
68 85 290
68 86 308
68 87 252
68 88 339
68 89 295
68 90 490
68 91 265
68 92 519
68 93 98
68 94 282
68 95 322
68 96 378
68 97 253
68 98 295
68 99 240
68 100 420
69 70 401
69 71 148
69 72 565
69 73 473
69 74 369
69 75 241
69 76 181
69 77 397
69 78 218
69 79 340
69 80 353
69 81 470
69 82 326
69 83 342
69 84 197
69 85 537
69 86 547
69 87 481
69 88 536
69 89 510
69 90 201
69 91 636
69 92 376
69 93 554
69 94 530
69 95 392
69 96 182
69 97 308
69 98 167
69 99 226
69 100 321
70 71 277
70 72 267
70 73 149
70 74 50
70 75 159
70 76 266
70 77 224
70 78 269
70 79 92
70 80 336
70 81 99
70 82 216
70 83 180
70 84 219
70 85 205
70 86 203
70 87 177
70 88 170
70 89 171
70 90 264
70 91 356
70 92 166
70 93 425
70 94 203
70 95 56
70 96 219
70 97 154
70 98 359
70 99 271
70 100 104
71 72 490
71 73 382
71 74 237
71 75 127
71 76 166
71 77 346
71 78 78
71 79 202
71 80 358
71 81 362
71 82 178
71 83 281
71 84 135
71 85 448
71 86 453
71 87 397
71 88 432
71 89 416
71 90 57
71 91 571
71 92 227
71 93 540
71 94 442
71 95 283
71 96 80
71 97 234
71 98 225
71 99 218
71 100 183
72 73 118
72 74 316
72 75 364
72 76 385
72 77 177
72 78 511
72 79 354
72 80 295
72 81 172
72 82 481
72 83 223
72 84 372
72 85 68
72 86 81
72 87 94
72 88 126
72 89 99
72 90 499
72 91 89
72 92 434
72 93 233
72 94 67
72 95 225
72 96 411
72 97 260
72 98 444
72 99 350
72 100 360
73 74 197
73 75 255
73 76 302
73 77 139
73 78 396
73 79 235
73 80 275
73 81 62
73 82 362
73 83 147
73 84 276
73 85 65
73 86 73
73 87 30
73 88 73
73 89 37
73 90 386
73 91 208
73 92 316
73 93 297
73 94 60
73 95 107
73 96 306
73 97 166
73 98 377
73 99 279
73 100 242
74 75 131
74 76 253
74 77 254
74 78 221
74 79 41
74 80 353
74 81 150
74 82 165
74 83 201
74 84 201
74 85 256
74 86 254
74 87 224
74 88 220
74 89 222
74 90 217
74 91 405
74 92 120
74 93 461
74 94 253
74 95 95
74 96 188
74 97 164
74 98 348
74 99 268
74 100 56
75 76 133
75 77 235
75 78 152
75 79 111
75 80 284
75 81 236
75 82 175
75 83 169
75 84 77
75 85 321
75 86 326
75 87 271
75 88 306
75 89 289
75 90 137
75 91 448
75 92 183
75 93 441
75 94 315
75 95 157
75 96 59
75 97 118
75 98 225
75 99 164
75 100 93
76 77 215
76 78 234
76 79 242
76 80 193
76 81 310
76 82 298
76 83 163
76 84 55
76 85 363
76 86 375
76 87 306
76 88 370
76 89 339
76 90 213
76 91 455
76 92 316
76 93 385
76 94 356
76 95 239
76 96 105
76 97 136
76 98 94
76 99 53
76 100 225
77 78 387
77 79 277
77 80 135
77 81 187
77 82 393
77 83 66
77 84 215
77 85 177
77 86 194
77 87 123
77 88 210
77 89 168
77 90 371
77 91 239
77 92 370
77 93 210
77 94 169
77 95 168
77 96 266
77 97 116
77 98 267
77 99 174
77 100 274
78 79 180
78 80 420
78 81 364
78 82 111
78 83 321
78 84 193
78 85 461
78 86 463
78 87 416
78 88 436
78 89 427
78 90 21
78 91 597
78 92 174
78 93 590
78 94 456
78 95 290
78 96 133
78 97 271
78 98 302
78 99 283
78 100 165
79 80 363
79 81 191
79 82 126
79 83 219
79 84 187
79 85 295
79 86 294
79 87 261
79 88 262
79 89 261
79 90 178
79 91 443
79 92 92
79 93 486
79 94 292
79 95 129
79 96 163
79 97 175
79 98 336
79 99 265
79 100 19
80 81 319
80 82 459
80 83 155
80 84 226
80 85 310
80 86 327
80 87 258
80 88 346
80 89 303
80 90 400
80 91 333
80 92 454
80 93 201
80 94 301
80 95 284
80 96 286
80 97 188
80 98 192
80 99 140
80 100 354
81 82 316
81 83 174
81 84 275
81 85 107
81 86 103
81 87 93
81 88 72
81 89 73
81 90 356
81 91 261
81 92 263
81 93 360
81 94 106
81 95 78
81 96 293
81 97 176
81 98 395
81 99 298
81 100 202
82 83 330
82 84 245
82 85 421
82 86 419
82 87 387
82 88 384
82 89 387
82 90 125
82 91 570
82 92 70
82 93 603
82 94 419
82 95 256
82 96 194
82 97 281
82 98 381
82 99 337
82 100 122
83 84 152
83 85 203
83 86 216
83 87 145
83 88 219
83 89 183
83 90 304
83 91 295
83 92 312
83 93 274
83 94 195
83 95 129
83 96 200
83 97 50
83 98 231
83 99 133
83 100 213
84 85 341
84 86 350
84 87 285
84 88 339
84 89 313
84 90 173
84 91 448
84 92 261
84 93 404
84 94 334
84 95 199
84 96 60
84 97 112
84 98 148
84 99 92
84 100 170
85 86 18
85 87 57
85 88 58
85 89 34
85 90 451
85 91 154
85 92 371
85 93 288
85 94 8
85 95 170
85 96 372
85 97 229
85 98 434
85 99 336
85 100 304
86 87 72
86 88 44
86 89 36
86 90 454
86 91 164
86 92 366
86 93 306
86 94 26
86 95 172
86 96 379
86 97 239
86 98 447
86 99 349
86 100 304
87 88 88
87 89 44
87 90 405
87 91 182
87 92 344
87 93 268
87 94 50
87 95 131
87 96 320
87 97 173
87 98 376
87 99 278
87 100 266
88 89 43
88 90 428
88 91 208
88 92 329
88 93 345
88 94 63
88 95 149
88 96 362
88 97 233
88 98 448
88 99 350
88 100 273
89 90 418
89 91 187
89 92 337
89 93 304
89 94 32
89 95 137
89 96 342
89 97 204
89 98 414
89 99 315
89 100 270
90 91 584
90 92 182
90 93 573
90 94 446
90 95 281
90 96 113
90 97 255
90 98 280
90 99 263
90 100 161
91 92 523
91 93 211
91 94 155
91 95 314
91 96 491
91 97 338
91 98 503
91 99 414
91 100 449
92 93 579
92 94 369
92 95 215
92 96 220
92 97 267
92 98 406
92 99 346
92 100 100
93 94 282
93 95 369
93 96 462
93 97 324
93 98 393
93 99 332
93 100 484
94 95 166
94 96 366
94 97 222
94 98 426
94 99 328
94 100 300
95 96 214
95 97 111
95 98 327
95 99 234
95 100 135
96 97 154
96 98 188
96 99 151
96 100 144
97 98 218
97 99 122
97 100 167
98 99 98
98 100 319
99 100 250
