100 4950
1 2 442
1 3 176
1 4 310
1 5 547
1 6 513
1 7 489
1 8 306
1 9 528
1 10 25
1 11 114
1 12 437
1 13 465
1 14 86
1 15 310
1 16 231
1 17 601
1 18 566
1 19 359
1 20 336
1 21 283
1 22 447
1 23 530
1 24 499
1 25 375
1 26 491
1 27 434
1 28 365
1 29 533
1 30 549
1 31 352
1 32 442
1 33 480
1 34 375
1 35 617
1 36 559
1 37 480
1 38 425
1 39 317
1 40 390
1 41 166
1 42 148
1 43 250
1 44 528
1 45 478
1 46 221
1 47 392
1 48 621
1 49 380
1 50 99
1 51 528
1 52 147
1 53 357
1 54 412
1 55 418
1 56 353
1 57 626
1 58 404
1 59 74
1 60 180
1 61 339
1 62 551
1 63 328
1 64 118
1 65 55
1 66 367
1 67 302
1 68 623
1 69 149
1 70 228
1 71 307
1 72 380
1 73 215
1 74 301
1 75 451
1 76 488
1 77 322
1 78 442
1 79 277
1 80 477
1 81 375
1 82 527
1 83 48
1 84 509
1 85 129
1 86 33
1 87 602
1 88 188
1 89 560
1 90 262
1 91 406
1 92 373
1 93 491
1 94 310
1 95 160
1 96 173
1 97 278
1 98 497
1 99 386
1 100 314
2 3 373
2 4 132
2 5 121
2 6 152
2 7 46
2 8 176
2 9 124
2 10 416
2 11 329
2 12 58
2 13 142
2 14 523
2 15 171
2 16 501
2 17 218
2 18 208
2 19 339
2 20 458
2 21 449
2 22 217
2 23 292
2 24 71
2 25 176
2 26 57
2 27 312
2 28 276
2 29 91
2 30 140
2 31 90
2 32 549
2 33 156
2 34 273
2 35 217
2 36 220
2 37 309
2 38 76
2 39 176
2 40 455
2 41 435
2 42 493
2 43 389
2 44 129
2 45 68
2 46 382
2 47 520
2 48 202
2 49 488
2 50 537
2 51 119
2 52 368
2 53 144
2 54 191
2 55 296
2 56 131
2 57 259
2 58 104
2 59 400
2 60 373
2 61 102
2 62 115
2 63 134
2 64 348
2 65 494
2 66 186
2 67 323
2 68 256
2 69 483
2 70 245
2 71 161
2 72 472
2 73 263
2 74 446
2 75 222
2 76 129
2 77 156
2 78 47
2 79 168
2 80 338
2 81 370
2 82 108
2 83 426
2 84 101
2 85 439
2 86 474
2 87 167
2 88 393
2 89 144
2 90 188
2 91 36
2 92 166
2 93 247
2 94 414
2 95 295
2 96 311
2 97 340
2 98 173
2 99 369
2 100 310
3 4 259
3 5 493
3 6 394
3 7 416
3 8 201
3 9 423
3 10 165
3 11 127
3 12 346
3 13 345
3 14 212
3 15 206
3 16 132
3 17 478
3 18 437
3 19 185
3 20 171
3 21 125
3 22 303
3 23 374
3 24 411
3 25 384
3 26 430
3 27 267
3 28 203
3 29 460
3 30 444
3 31 286
3 32 284
3 33 356
3 34 215
3 35 500
3 36 426
3 37 316
3 38 328
3 39 206
3 40 218
3 41 62
3 42 128
3 43 77
3 44 421
3 45 385
3 46 47
3 47 235
3 48 514
3 49 217
3 50 223
3 51 484
3 52 31
3 53 247
3 54 424
3 55 253
3 56 251
3 57 494
3 58 380
3 59 211
3 60 4
3 61 278
3 62 488
3 63 305
3 64 210
3 65 197
3 66 380
3 67 130
3 68 492
3 69 116
3 70 258
3 71 212
3 72 213
3 73 111
3 74 138
3 75 305
3 76 462
3 77 220
3 78 392
3 79 214
3 80 308
3 81 200
3 82 430
3 83 206
3 84 409
3 85 78
3 86 188
3 87 509
3 88 24
3 89 458
3 90 190
3 91 337
3 92 249
3 93 341
3 94 138
3 95 106
3 96 244
3 97 104
3 98 486
3 99 210
3 100 145
4 5 241
4 6 235
4 7 179
4 8 99
4 9 233
4 10 284
4 11 198
4 12 138
4 13 198
4 14 392
4 15 95
4 16 392
4 17 319
4 18 294
4 19 283
4 20 378
4 21 356
4 22 232
4 23 325
4 24 193
4 25 148
4 26 182
4 27 294
4 28 233
4 29 223
4 30 253
4 31 45
4 32 482
4 33 215
4 34 235
4 35 327
4 36 297
4 37 313
4 38 133
4 39 108
4 40 391
4 41 319
4 42 371
4 43 293
4 44 234
4 45 176
4 46 279
4 47 445
4 48 323
4 49 415
4 50 405
4 51 227
4 52 248
4 53 113
4 54 184
4 55 274
4 56 95
4 57 353
4 58 122
4 59 269
4 60 260
4 61 31
4 62 242
4 63 58
4 64 218
4 65 363
4 66 149
4 67 248
4 68 350
4 69 362
4 70 127
4 71 78
4 72 402
4 73 149
4 74 358
4 75 237
4 76 202
4 77 89
4 78 136
4 79 46
4 80 331
4 81 316
4 82 226
4 83 294
4 84 210
4 85 317
4 86 342
4 87 296
4 88 282
4 89 261
4 90 70
4 91 97
4 92 145
4 93 276
4 94 332
4 95 168
4 96 187
4 97 255
4 98 229
4 99 319
4 100 241
5 6 217
5 7 88
5 8 298
5 9 167
5 10 521
5 11 439
5 12 166
5 13 232
5 14 631
5 15 292
5 16 623
5 17 243
5 18 255
5 19 456
5 20 578
5 21 570
5 22 317
5 23 373
5 24 122
5 25 213
5 26 63
5 27 419
5 28 392
5 29 63
5 30 169
5 31 207
5 32 666
5 33 240
5 34 387
5 35 225
5 36 275
5 37 407
5 38 187
5 39 297
5 40 572
5 41 555
5 42 611
5 43 511
5 44 175
5 45 145
5 46 504
5 47 639
5 48 191
5 49 607
5 50 645
5 51 32
5 52 487
5 53 264
5 54 204
5 55 404
5 56 252
5 57 286
5 58 151
5 59 497
5 60 493
5 61 217
5 62 26
5 63 220
5 64 443
5 65 602
5 66 225
5 67 444
5 68 282
5 69 601
5 70 331
5 71 283
5 72 591
5 73 383
5 74 567
5 75 321
5 76 92
5 77 278
5 78 105
5 79 283
5 80 438
5 81 486
5 82 142
5 83 525
5 84 154
5 85 556
5 86 580
5 87 136
5 88 514
5 89 160
5 90 305
5 91 157
5 92 283
5 93 336
5 94 535
5 95 410
5 96 398
5 97 461
5 98 129
5 99 484
5 100 430
6 7 141
6 8 206
6 9 52
6 10 489
6 11 400
6 12 104
6 13 49
6 14 584
6 15 203
6 16 504
6 17 88
6 18 60
6 19 285
6 20 419
6 21 428
6 22 120
6 23 156
6 24 97
6 25 326
6 26 175
6 27 223
6 28 224
6 29 154
6 30 63
6 31 191
6 32 485
6 33 40
6 34 215
6 35 106
6 36 68
6 37 198
6 38 102
6 39 197
6 40 396
6 41 455
6 42 522
6 43 380
6 44 45
6 45 84
6 46 385
6 47 470
6 48 123
6 49 437
6 50 597
6 51 235
6 52 402
6 53 155
6 54 344
6 55 214
6 56 161
6 57 118
6 58 256
6 59 490
6 60 392
6 61 205
6 62 193
6 63 266
6 64 444
6 65 559
6 66 335
6 67 297
6 68 115
6 69 511
6 70 362
6 71 207
6 72 419
6 73 302
6 74 419
6 75 122
6 76 270
6 77 191
6 78 197
6 79 246
6 80 231
6 81 310
6 82 76
6 83 510
6 84 63
6 85 471
6 86 541
6 87 137
6 88 407
6 89 79
6 90 254
6 91 159
6 92 146
6 93 124
6 94 382
6 95 353
6 96 420
6 97 323
6 98 316
6 99 305
6 100 280
7 8 216
7 9 100
7 10 463
7 11 376
7 12 78
7 13 147
7 14 570
7 15 211
7 16 542
7 17 191
7 18 190
7 19 367
7 20 491
7 21 486
7 22 230
7 23 293
7 24 44
7 25 208
7 26 34
7 27 330
7 28 303
7 29 44
7 30 111
7 31 137
7 32 577
7 33 156
7 34 299
7 35 184
7 36 206
7 37 321
7 38 99
7 39 214
7 40 484
7 41 478
7 42 538
7 43 428
7 44 106
7 45 60
7 46 422
7 47 552
7 48 163
7 49 519
7 50 583
7 51 98
7 52 412
7 53 178
7 54 215
7 55 316
7 56 168
7 57 234
7 58 134
7 59 447
7 60 415
7 61 149
7 62 74
7 63 178
7 64 394
7 65 541
7 66 218
7 67 357
7 68 230
7 69 527
7 70 290
7 71 203
7 72 503
7 73 307
7 74 481
7 75 234
7 76 129
7 77 196
7 78 69
7 79 214
7 80 351
7 81 398
7 82 78
7 83 472
7 84 79
7 85 483
7 86 521
7 87 123
7 88 435
7 89 110
7 90 234
7 91 82
7 92 195
7 93 252
7 94 448
7 95 341
7 96 356
7 97 376
7 98 175
7 99 395
7 100 343
8 9 227
8 10 283
8 11 194
8 12 145
8 13 158
8 14 378
8 15 5
8 16 326
8 17 294
8 18 259
8 19 185
8 20 288
8 21 273
8 22 156
8 23 249
8 24 210
8 25 247
8 26 234
8 27 198
8 28 134
8 29 260
8 30 247
8 31 100
8 32 387
8 33 173
8 34 138
8 35 311
8 36 254
8 37 224
8 38 128
8 39 12
8 40 295
8 41 263
8 42 326
8 43 213
8 44 225
8 45 184
8 46 206
8 47 353
8 48 320
8 49 322
8 50 391
8 51 293
8 52 201
8 53 51
8 54 283
8 55 178
8 56 50
8 57 319
8 58 212
8 59 289
8 60 200
8 61 97
8 62 290
8 63 157
8 64 248
8 65 352
8 66 248
8 67 154
8 68 317
8 69 315
8 70 196
8 71 20
8 72 308
8 73 97
8 74 272
8 75 161
8 76 283
8 77 19
8 78 203
8 79 68
8 80 238
8 81 218
8 82 230
8 83 306
8 84 210
8 85 272
8 86 335
8 87 309
8 88 219
8 89 260
8 90 60
8 91 141
8 92 69
8 93 202
8 94 242
8 95 146
8 96 237
8 97 166
8 98 317
8 99 220
8 100 144
9 10 503
9 11 414
9 12 94
9 13 87
9 14 603
9 15 222
9 16 539
9 17 94
9 18 90
9 19 330
9 20 463
9 21 468
9 22 169
9 23 208
9 24 56
9 25 301
9 26 132
9 27 273
9 28 267
9 29 104
9 30 20
9 31 187
9 32 534
9 33 86
9 34 259
9 35 95
9 36 108
9 37 250
9 38 103
9 39 219
9 40 443
9 41 485
9 42 551
9 43 417
9 44 7
9 45 58
9 46 418
9 47 516
9 48 93
9 49 483
9 50 616
9 51 188
9 52 427
9 53 177
9 54 313
9 55 263
9 56 177
9 57 135
9 58 228
9 59 498
9 60 422
9 61 201
9 62 142
9 63 253
9 64 449
9 65 577
9 66 310
9 67 336
9 68 131
9 69 540
9 70 358
9 71 222
9 72 466
9 73 324
9 74 460
9 75 172
9 76 229
9 77 209
9 78 165
9 79 253
9 80 283
9 81 357
9 82 25
9 83 520
9 84 23
9 85 498
9 86 558
9 87 90
9 88 439
9 89 34
9 90 266
9 91 143
9 92 176
9 93 176
9 94 424
9 95 370
9 96 420
9 97 360
9 98 274
9 99 352
9 100 320
10 11 89
10 12 412
10 13 442
10 14 111
10 15 286
10 16 235
10 17 577
10 18 542
10 19 344
10 20 331
10 21 279
10 22 426
10 23 511
10 24 474
10 25 351
10 26 465
10 27 417
10 28 346
10 29 507
10 30 524
10 31 326
10 32 439
10 33 457
10 34 357
10 35 593
10 36 537
10 37 462
10 38 400
10 39 294
10 40 382
10 41 165
10 42 157
10 43 241
10 44 503
10 45 453
10 46 212
10 47 389
10 48 597
10 49 376
10 50 124
10 51 502
10 52 134
10 53 334
10 54 388
10 55 400
10 56 329
10 57 602
10 58 379
10 59 59
10 60 169
10 61 313
10 62 525
10 63 302
10 64 96
10 65 81
10 66 343
10 67 287
10 68 600
10 69 157
10 70 204
10 71 282
10 72 374
10 73 193
10 74 296
10 75 430
10 76 463
10 77 298
10 78 416
10 79 251
10 80 460
10 81 363
10 82 502
10 83 42
10 84 484
10 85 130
10 86 58
10 87 577
10 88 180
10 89 535
10 90 237
10 91 380
10 92 350
10 93 470
10 94 302
10 95 137
10 96 150
10 97 264
10 98 472
10 99 373
10 100 298
11 12 323
11 13 352
11 14 193
11 15 197
11 16 241
11 17 488
11 18 453
11 19 279
11 20 298
11 21 252
11 22 341
11 23 428
11 24 385
11 25 286
11 26 381
11 27 342
11 28 270
11 29 421
11 30 435
11 31 239
11 32 411
11 33 368
11 34 280
11 35 503
11 36 448
11 37 385
11 38 310
11 39 205
11 40 340
11 41 161
11 42 190
11 43 200
11 44 413
11 45 363
11 46 172
11 47 363
11 48 507
11 49 343
11 50 207
11 51 422
11 52 98
11 53 244
11 54 326
11 55 324
11 56 239
11 57 513
11 58 302
11 59 102
11 60 131
11 61 227
11 62 440
11 63 224
11 64 84
11 65 165
11 66 280
11 67 222
11 68 511
11 69 183
11 70 144
11 71 193
11 72 338
11 73 109
11 74 265
11 75 345
11 76 387
11 77 208
11 78 333
11 79 163
11 80 386
11 81 303
11 82 413
11 83 113
11 84 394
11 85 141
11 86 145
11 87 488
11 88 150
11 89 446
11 90 147
11 91 293
11 92 262
11 93 385
11 94 260
11 95 51
11 96 118
11 97 205
11 98 402
11 99 311
11 100 229
12 13 85
12 14 514
12 15 140
12 16 470
12 17 183
12 18 164
12 19 289
12 20 413
12 21 409
12 22 159
12 23 234
12 24 64
12 25 224
12 26 106
12 27 256
12 28 225
12 29 117
12 30 114
12 31 92
12 32 499
12 33 100
12 34 221
12 35 189
12 36 172
12 37 251
12 38 20
12 39 141
12 40 406
12 41 409
12 42 471
12 43 352
12 44 96
12 45 40
12 46 349
12 47 473
12 48 186
12 49 441
12 50 528
12 51 172
12 52 346
12 53 102
12 54 244
12 55 240
12 56 95
12 57 220
12 58 156
12 59 404
12 60 345
12 61 106
12 62 152
12 63 162
12 64 355
12 65 487
12 66 232
12 67 280
12 68 216
12 69 461
12 70 263
12 71 136
12 72 424
12 73 240
12 74 404
12 75 164
12 76 188
12 77 126
12 78 105
12 79 160
12 80 280
12 81 320
12 82 90
12 83 427
12 84 72
12 85 417
12 86 468
12 87 166
12 88 364
12 89 124
12 90 175
12 91 55
12 92 117
12 93 189
12 94 371
12 95 282
12 96 325
12 97 299
12 98 231
12 99 318
12 100 265
13 14 535
13 15 155
13 16 455
13 17 136
13 18 101
13 19 243
13 20 375
13 21 382
13 22 85
13 23 149
13 24 110
13 25 306
13 26 180
13 27 189
13 28 180
13 29 172
13 30 104
13 31 158
13 32 447
13 33 17
13 34 171
13 35 155
13 36 100
13 37 174
13 38 74
13 39 148
13 40 356
13 41 406
13 42 473
13 43 332
13 44 82
13 45 87
13 46 336
13 47 428
13 48 171
13 49 395
13 50 548
13 51 245
13 52 352
13 53 107
13 54 328
13 55 177
13 56 115
13 57 161
13 58 240
13 59 445
13 60 342
13 61 170
13 62 212
13 63 236
13 64 400
13 65 511
13 66 313
13 67 250
13 68 159
13 69 461
13 70 324
13 71 160
13 72 378
13 73 253
13 74 373
13 75 89
13 76 270
13 77 144
13 78 189
13 79 203
13 80 205
13 81 269
13 82 105
13 83 464
13 84 85
13 85 421
13 86 493
13 87 178
13 88 358
13 89 120
13 90 209
13 91 137
13 92 96
13 93 106
13 94 336
13 95 305
13 96 380
13 97 275
13 98 314
13 99 265
13 100 233
14 15 381
14 16 215
14 17 671
14 18 634
14 19 397
14 20 345
14 21 290
14 22 508
14 23 585
14 24 578
14 25 461
14 26 574
14 27 480
14 28 415
14 29 614
14 30 624
14 31 433
14 32 438
14 33 549
14 34 426
14 35 689
14 36 626
14 37 529
14 38 500
14 39 387
14 40 404
14 41 177
14 42 125
14 43 275
14 44 602
14 45 555
14 46 250
14 47 389
14 48 697
14 49 385
14 50 13
14 51 613
14 52 191
14 53 429
14 54 498
14 55 465
14 56 426
14 57 693
14 58 490
14 59 154
14 60 216
14 61 420
14 62 634
14 63 413
14 64 203
14 65 30
14 66 453
14 67 343
14 68 691
14 69 132
14 70 315
14 71 381
14 72 389
14 73 282
14 74 310
14 75 511
14 76 574
14 77 394
14 78 526
14 79 356
14 80 521
14 81 407
14 82 604
14 83 124
14 84 585
14 85 141
14 86 52
14 87 681
14 88 215
14 89 636
14 90 339
14 91 487
14 92 440
14 93 549
14 94 329
14 95 233
14 96 258
14 97 316
14 98 583
14 99 418
14 100 358
15 16 331
15 17 291
15 18 256
15 19 189
15 20 293
15 21 279
15 22 156
15 23 249
15 24 205
15 25 243
15 26 229
15 27 201
15 28 138
15 29 254
15 30 243
15 31 94
15 32 392
15 33 171
15 34 141
15 35 308
15 36 252
15 37 225
15 38 123
15 39 13
15 40 300
15 41 268
15 42 331
15 43 219
15 44 221
15 45 180
15 46 211
15 47 358
15 48 316
15 49 327
15 50 394
15 51 287
15 52 206
15 53 47
15 54 279
15 55 181
15 56 46
15 57 316
15 58 207
15 59 291
15 60 204
15 61 93
15 62 285
15 63 153
15 64 250
15 65 356
15 66 245
15 67 159
15 68 314
15 69 320
15 70 195
15 71 16
15 72 313
15 73 101
15 74 277
15 75 161
15 76 278
15 77 14
15 78 198
15 79 66
15 80 240
15 81 222
15 82 226
15 83 309
15 84 206
15 85 277
15 86 338
15 87 305
15 88 224
15 89 256
15 90 60
15 91 136
15 92 68
15 93 202
15 94 248
15 95 149
15 96 238
15 97 171
15 98 312
15 99 224
15 100 149
16 17 582
16 18 539
16 19 242
16 20 143
16 21 95
16 22 397
16 23 450
16 24 534
16 25 515
16 26 559
16 27 332
16 28 288
16 29 586
16 30 558
16 31 417
16 32 224
16 33 464
16 34 299
16 35 607
16 36 524
16 37 383
16 38 451
16 39 328
16 40 204
16 41 80
16 42 90
16 43 124
16 44 535
16 45 507
16 46 120
16 47 175
16 48 626
16 49 176
16 50 218
16 51 615
16 52 150
16 53 367
16 54 555
16 55 325
16 56 375
16 57 591
16 58 512
16 59 294
16 60 132
16 61 409
16 62 616
16 63 438
16 64 313
16 65 218
16 66 511
16 67 209
16 68 590
16 69 84
16 70 383
16 71 340
16 72 184
16 73 242
16 74 114
16 75 398
16 76 594
16 77 346
16 78 523
16 79 346
16 80 364
16 81 238
16 82 549
16 83 277
16 84 527
16 85 106
16 86 224
16 87 628
16 88 109
16 89 573
16 90 322
16 91 466
16 92 362
16 93 428
16 94 146
16 95 235
16 96 358
16 97 181
16 98 619
16 99 249
16 100 226
17 18 44
17 19 352
17 20 486
17 21 501
17 22 186
17 23 178
17 24 149
17 25 395
17 26 221
17 27 277
17 28 296
17 29 183
17 30 80
17 31 275
17 32 540
17 33 122
17 34 285
17 35 32
17 36 65
17 37 239
17 38 186
17 39 284
17 40 456
17 41 538
17 42 606
17 43 458
17 44 89
17 45 151
17 46 465
17 47 530
17 48 71
17 49 498
17 50 684
17 51 269
17 52 487
17 53 243
17 54 406
17 55 273
17 56 249
17 57 43
17 58 322
17 59 578
17 60 475
17 61 288
17 62 216
17 63 345
17 64 531
17 65 647
17 66 404
17 67 373
17 68 39
17 69 594
17 70 446
17 71 295
17 72 480
17 73 389
17 74 490
17 75 186
17 76 316
17 77 279
17 78 258
17 79 333
17 80 272
17 81 373
17 82 113
17 83 598
17 84 117
17 85 555
17 86 629
17 87 118
17 88 490
17 89 84
17 90 342
17 91 235
17 92 231
17 93 168
17 94 452
17 95 440
17 96 506
17 97 400
17 98 361
17 99 366
17 100 355
18 19 308
18 20 442
18 21 458
18 22 142
18 23 138
18 24 146
18 25 385
18 26 223
18 27 233
18 28 252
18 29 192
18 30 86
18 31 252
18 32 496
18 33 85
18 34 241
18 35 74
18 36 23
18 37 197
18 38 163
18 39 248
18 40 412
18 41 497
18 42 565
18 43 415
18 44 83
18 45 140
18 46 423
18 47 486
18 48 109
18 49 454
18 50 647
18 51 278
18 52 448
18 53 209
18 54 400
18 55 229
18 56 216
18 57 60
18 58 313
18 59 546
18 60 435
18 61 265
18 62 229
18 63 326
18 64 501
18 65 610
18 66 393
18 67 330
18 68 57
18 69 554
18 70 422
18 71 262
18 72 436
18 73 352
18 74 446
18 75 142
18 76 319
18 77 245
18 78 252
18 79 304
18 80 230
18 81 329
18 82 114
18 83 565
18 84 110
18 85 515
18 86 593
18 87 146
18 88 448
18 89 97
18 90 311
18 91 219
18 92 193
18 93 124
18 94 408
18 95 405
18 96 479
18 97 357
18 98 365
18 99 321
18 100 312
19 20 133
19 21 152
19 22 167
19 23 207
19 24 343
19 25 431
19 26 394
19 27 89
19 28 64
19 29 404
19 30 347
19 31 281
19 32 210
19 33 246
19 34 71
19 35 381
19 36 290
19 37 141
19 38 268
19 39 177
19 40 116
19 41 225
19 42 294
19 43 126
19 44 325
19 45 316
19 46 147
19 47 186
19 48 407
19 49 152
19 50 406
19 51 459
19 52 212
19 53 196
19 54 468
19 55 83
19 56 212
19 57 355
19 58 395
19 59 379
19 60 181
19 61 281
19 62 441
19 63 342
19 64 361
19 65 382
19 66 433
19 67 57
19 68 354
19 69 282
19 70 356
19 71 205
19 72 136
19 73 182
19 74 138
19 75 167
19 76 460
19 77 199
19 78 376
19 79 246
19 80 125
19 81 32
19 82 347
19 83 382
19 84 326
19 85 257
19 86 374
19 87 421
19 88 182
19 89 363
19 90 227
19 91 311
19 92 173
19 93 189
19 94 101
19 95 232
19 96 375
19 97 81
19 98 497
19 99 36
19 100 50
20 21 54
20 22 301
20 23 332
20 24 471
20 25 521
20 26 515
20 27 214
20 28 195
20 29 530
20 30 479
20 31 388
20 32 113
20 33 379
20 34 203
20 35 515
20 36 423
20 37 262
20 38 393
20 39 284
20 40 61
20 41 171
20 42 222
20 43 97
20 44 458
20 45 444
20 46 125
20 47 68
20 48 541
20 49 45
20 50 351
20 51 577
20 52 203
20 53 313
20 54 560
20 55 213
20 56 327
20 57 487
20 58 498
20 59 381
20 60 167
20 61 384
20 62 566
20 63 433
20 64 382
20 65 340
20 66 519
20 67 134
20 68 486
20 69 213
20 70 415
20 71 307
20 72 44
20 73 240
20 74 35
20 75 300
20 76 571
20 77 305
20 78 490
20 79 333
20 80 238
20 81 114
20 82 478
20 83 373
20 84 456
20 85 209
20 86 339
20 87 553
20 88 152
20 89 495
20 90 310
20 91 426
20 92 296
20 93 320
20 94 45
20 95 266
20 96 412
20 97 122
20 98 604
20 99 124
20 100 147
21 22 315
21 23 360
21 24 470
21 25 493
21 26 507
21 27 241
21 28 205
21 29 527
21 30 486
21 31 372
21 32 160
21 33 388
21 34 216
21 35 529
21 36 441
21 37 291
21 38 389
21 39 273
21 40 114
21 41 117
21 42 169
21 43 62
21 44 464
21 45 443
21 46 83
21 47 111
21 48 551
21 49 97
21 50 296
21 51 567
21 52 155
21 53 307
21 54 533
21 55 235
21 56 318
21 57 507
21 58 478
21 59 331
21 60 121
21 61 367
21 62 560
21 63 408
21 64 335
21 65 286
21 66 491
21 67 131
21 68 506
21 69 159
21 70 379
21 71 291
21 72 98
21 73 210
21 74 20
21 75 316
21 76 555
21 77 293
21 78 477
21 79 310
21 80 271
21 81 144
21 82 481
21 83 321
21 84 459
21 85 155
21 86 285
21 87 559
21 88 103
21 89 502
21 90 286
21 91 415
21 92 295
21 93 341
21 94 52
21 95 227
21 96 369
21 97 109
21 98 585
21 99 155
21 100 148
22 23 93
22 24 196
22 25 363
22 26 262
22 27 104
22 28 110
22 29 258
22 30 183
22 31 203
22 32 365
22 33 83
22 34 99
22 35 214
22 36 126
22 37 92
22 38 142
22 39 143
22 40 276
22 41 359
22 42 429
22 43 273
22 44 163
22 45 171
22 46 283
22 47 349
22 48 240
22 49 317
22 50 520
22 51 328
22 52 317
22 53 119
22 54 391
22 55 93
22 56 136
22 57 193
22 58 305
22 59 441
22 60 300
22 61 212
22 62 297
22 63 282
22 64 403
22 65 486
22 66 369
22 67 188
22 68 192
22 69 417
22 70 349
22 71 168
22 72 299
22 73 232
22 74 304
22 75 5
22 76 347
22 77 152
22 78 263
22 79 219
22 80 121
22 81 190
22 82 189
22 83 455
22 84 170
22 85 381
22 86 472
22 87 258
22 88 311
22 89 199
22 90 216
22 91 203
22 92 89
22 93 45
22 94 266
22 95 290
22 96 394
22 97 216
22 98 390
22 99 184
22 100 170
23 24 252
23 25 451
23 26 327
23 27 119
23 28 170
23 29 310
23 30 214
23 31 293
23 32 369
23 33 137
23 34 158
23 35 210
23 36 115
23 37 70
23 38 221
23 39 236
23 40 291
23 41 425
23 42 495
23 43 330
23 44 201
23 45 233
23 46 346
23 47 366
23 48 247
23 49 335
23 50 596
23 51 390
23 52 393
23 53 212
23 54 476
23 55 125
23 56 229
23 57 164
23 58 388
23 59 529
23 60 370
23 61 303
23 62 350
23 63 373
23 64 494
23 65 566
23 66 457
23 67 247
23 68 164
23 69 483
23 70 443
23 71 262
23 72 318
23 73 318
23 74 344
23 75 88
23 76 419
23 77 245
23 78 339
23 79 313
23 80 99
23 81 218
23 82 233
23 83 542
23 84 219
23 85 452
23 86 553
23 87 282
23 88 378
23 89 228
23 90 309
23 91 285
23 92 182
23 93 48
23 94 307
23 95 376
23 96 487
23 97 276
23 98 464
23 99 208
23 100 231
24 25 246
24 26 77
24 27 298
24 28 279
24 29 62
24 30 69
24 31 148
24 32 552
24 33 117
24 34 273
24 35 145
24 36 162
24 37 284
24 38 83
24 39 205
24 40 459
24 41 474
24 42 536
24 43 415
24 44 63
24 45 27
24 46 413
24 47 529
24 48 131
24 49 496
24 50 591
24 51 138
24 52 411
24 53 166
24 54 257
24 55 285
24 56 159
24 57 191
24 58 173
24 59 463
24 60 410
24 61 162
24 62 101
24 63 205
24 64 412
24 65 550
24 66 256
24 67 340
24 68 188
24 69 525
24 70 314
24 71 201
24 72 480
24 73 305
24 74 465
24 75 200
24 76 173
24 77 190
24 78 109
24 79 222
24 80 316
24 81 372
24 82 36
24 83 487
24 84 35
24 85 482
24 86 530
24 87 103
24 88 429
24 89 72
24 90 238
24 91 97
24 92 175
24 93 213
24 94 430
24 95 346
24 96 378
24 97 361
24 98 219
24 99 369
24 100 325
25 26 186
25 27 438
25 28 380
25 29 235
25 30 316
25 31 161
25 32 627
25 33 322
25 34 382
25 35 391
25 36 395
25 37 451
25 38 232
25 39 255
25 40 538
25 41 437
25 42 476
25 43 431
25 44 306
25 45 245
25 46 412
25 47 589
25 48 371
25 49 560
25 50 475
25 51 184
25 52 365
25 53 252
25 54 40
25 55 418
25 56 233
25 57 436
25 58 73
25 59 312
25 60 385
25 61 155
25 62 230
25 63 89
25 64 259
25 65 431
25 66 11
25 67 394
25 68 433
25 69 469
25 70 146
25 71 226
25 72 548
25 73 283
25 74 498
25 75 369
25 76 128
25 77 235
25 78 138
25 79 188
25 80 473
25 81 464
25 82 283
25 83 342
25 84 277
25 85 425
25 86 408
25 87 326
25 88 408
25 89 317
25 90 210
25 91 169
25 92 284
25 93 402
25 94 475
25 95 279
25 96 206
25 97 399
25 98 123
25 99 467
25 100 388
26 27 361
26 28 331
26 29 49
26 30 141
26 31 145
26 32 604
26 33 190
26 34 326
26 35 211
26 36 240
26 37 353
26 38 126
26 39 233
26 40 510
26 41 492
26 42 549
26 43 447
26 44 139
26 45 93
26 46 440
26 47 577
26 48 187
26 49 544
26 50 588
26 51 66
26 52 425
26 53 201
26 54 188
26 55 346
26 56 188
26 57 265
26 58 114
26 59 445
26 60 430
26 61 156
26 62 59
26 63 170
26 64 392
26 65 545
26 66 197
26 67 380
26 68 261
26 69 539
26 70 283
26 71 219
26 72 528
26 73 320
26 74 503
26 75 267
26 76 96
26 77 214
26 78 53
26 79 222
26 80 383
26 81 425
26 82 109
26 83 472
26 84 113
26 85 495
26 86 524
26 87 140
26 88 451
26 89 138
26 90 244
26 91 93
26 92 221
26 93 286
26 94 471
26 95 349
26 96 350
26 97 398
26 98 142
26 99 423
26 100 367
27 28 72
27 29 361
27 30 286
27 31 277
27 32 263
27 33 187
27 34 64
27 35 308
27 36 212
27 37 51
27 38 236
27 39 187
27 40 178
27 41 313
27 42 382
27 43 215
27 44 267
27 45 273
27 46 234
27 47 253
27 48 338
27 49 221
27 50 490
27 51 427
27 52 290
27 53 185
27 54 470
27 55 20
27 56 204
27 57 274
27 58 388
27 59 445
27 60 263
27 61 282
27 62 400
27 63 350
27 64 418
27 65 463
27 66 441
27 67 136
27 68 273
27 69 370
27 70 391
27 71 217
27 72 203
27 73 235
27 74 225
27 75 100
27 76 441
27 77 204
27 78 356
27 79 266
27 80 43
27 81 99
27 82 293
27 83 452
27 84 274
27 85 342
27 86 453
27 87 360
27 88 267
27 89 302
27 90 254
27 91 291
27 92 154
27 93 109
27 94 188
27 95 292
27 96 422
27 97 164
27 98 482
27 99 90
27 100 121
28 29 340
28 30 284
28 31 225
28 32 273
28 33 184
28 34 11
28 35 323
28 36 236
28 37 115
28 38 205
28 39 125
28 40 180
28 41 255
28 42 325
28 43 164
28 44 262
28 45 252
28 46 177
28 47 250
28 48 347
28 49 217
28 50 426
28 51 396
28 52 223
28 53 135
28 54 415
28 55 54
28 56 153
28 57 303
28 58 338
28 59 372
28 60 200
28 61 227
28 62 377
28 63 291
28 64 345
28 65 397
28 66 383
28 67 79
28 68 302
28 69 313
28 70 322
28 71 154
28 72 200
28 73 162
28 74 195
28 75 110
28 76 400
28 77 145
28 78 315
28 79 201
28 80 116
28 81 94
28 82 283
28 83 381
28 84 262
28 85 281
28 86 385
28 87 358
28 88 208
28 89 300
28 90 186
28 91 249
28 92 110
28 93 140
28 94 157
28 95 219
28 96 350
28 97 108
28 98 438
28 99 93
28 100 61
29 30 106
29 31 181
29 32 613
29 33 178
29 34 334
29 35 169
29 36 212
29 37 346
29 38 138
29 39 257
29 40 520
29 41 522
29 42 582
29 43 470
29 44 111
29 45 88
29 46 465
29 47 589
29 48 140
29 49 557
29 50 628
29 51 86
29 52 457
29 53 220
29 54 236
29 55 348
29 56 211
29 57 226
29 58 164
29 59 489
29 60 459
29 61 193
29 62 39
29 63 217
29 64 437
29 65 586
29 66 246
29 67 397
29 68 223
29 69 572
29 70 330
29 71 247
29 72 540
29 73 351
29 74 522
29 75 262
29 76 135
29 77 240
29 78 102
29 79 259
29 80 377
29 81 434
29 82 79
29 83 516
29 84 91
29 85 528
29 86 565
29 87 91
29 88 479
29 89 99
29 90 278
29 91 127
29 92 234
29 93 274
29 94 488
29 95 386
29 96 397
29 97 417
29 98 179
29 99 431
29 100 383
30 31 207
30 32 548
30 33 101
30 34 276
30 35 76
30 36 107
30 37 260
30 38 124
30 39 240
30 40 459
30 41 505
30 42 571
30 43 436
30 44 22
30 45 77
30 46 438
30 47 532
30 48 72
30 49 499
30 50 637
30 51 192
30 52 448
30 53 197
30 54 326
30 55 277
30 56 197
30 57 123
30 58 243
30 59 519
30 60 442
30 61 221
30 62 143
30 63 271
30 64 470
30 65 598
30 66 326
30 67 355
30 68 119
30 69 560
30 70 377
30 71 243
30 72 481
30 73 345
30 74 478
30 75 185
30 76 237
30 77 230
30 78 179
30 79 274
30 80 293
30 81 372
30 82 33
30 83 541
30 84 42
30 85 518
30 86 579
30 87 74
30 88 458
30 89 16
30 90 287
30 91 162
30 92 196
30 93 185
30 94 441
30 95 391
30 96 440
30 97 379
30 98 282
30 99 367
30 100 338
31 32 487
31 33 175
31 34 225
31 35 282
31 36 256
31 37 290
31 38 89
31 39 104
31 40 394
31 41 348
31 42 404
31 43 310
31 44 189
31 45 131
31 46 300
31 47 453
31 48 277
31 49 422
31 50 446
31 51 197
31 52 279
31 53 92
31 54 192
31 55 258
31 56 73
31 57 310
31 58 114
31 59 314
31 60 286
31 61 13
31 62 204
31 63 79
31 64 263
31 65 404
31 66 166
31 67 254
31 68 307
31 69 394
31 70 171
31 71 81
31 72 408
31 73 175
31 74 371
31 75 209
31 76 183
31 77 83
31 78 106
31 79 77
31 80 312
31 81 314
31 82 180
31 83 338
31 84 165
31 85 349
31 86 384
31 87 251
31 88 307
31 89 215
31 90 98
31 91 54
31 92 123
31 93 244
31 94 342
31 95 204
31 96 232
31 97 266
31 98 217
31 99 315
31 100 244
32 33 448
32 34 278
32 35 571
32 36 475
32 37 301
32 38 478
32 39 382
32 40 93
32 41 275
32 42 313
32 43 211
32 44 528
32 45 525
32 46 238
32 47 50
32 48 602
32 49 68
32 50 442
32 51 669
32 52 315
32 53 405
32 54 666
32 55 271
32 56 420
32 57 532
32 58 599
32 59 491
32 60 280
32 61 485
32 62 651
32 63 539
32 64 494
32 65 439
32 66 627
32 67 234
32 68 532
32 69 306
32 70 528
32 71 407
32 72 79
32 73 351
32 74 145
32 75 363
32 76 668
32 77 403
32 78 585
32 79 439
32 80 269
32 81 179
32 82 552
32 83 482
32 84 532
32 85 312
32 86 441
32 87 623
32 88 263
32 89 564
32 90 417
32 91 520
32 92 383
32 93 371
32 94 155
32 95 380
32 96 526
32 97 229
32 98 704
32 99 182
32 100 242
33 34 175
33 35 144
33 36 83
33 37 167
33 38 90
33 39 163
33 40 358
33 41 417
33 42 484
33 43 340
33 44 80
33 45 96
33 46 345
33 47 431
33 48 163
33 49 397
33 50 562
33 51 254
33 52 365
33 53 123
33 54 344
33 55 176
33 56 132
33 57 145
33 58 256
33 59 461
33 60 354
33 61 187
33 62 218
33 63 253
33 64 417
33 65 525
33 66 330
33 67 257
33 68 143
33 69 473
33 70 342
33 71 176
33 72 380
33 73 267
33 74 379
33 75 86
33 76 282
33 77 160
33 78 203
33 79 220
33 80 199
33 81 271
33 82 106
33 83 480
33 84 88
33 85 433
33 86 508
33 87 175
33 88 369
33 89 117
33 90 226
33 91 153
33 92 109
33 93 96
33 94 342
33 95 319
33 96 397
33 97 283
33 98 327
33 99 266
33 100 240
34 35 313
34 36 225
34 37 105
34 38 200
34 39 127
34 40 186
34 41 267
34 42 337
34 43 176
34 44 254
34 45 246
34 46 189
34 47 257
34 48 337
34 49 224
34 50 437
34 51 392
34 52 235
34 53 134
34 54 416
34 55 44
34 56 152
34 57 292
34 58 338
34 59 382
34 60 211
34 61 227
34 62 372
34 63 293
34 64 354
34 65 408
34 66 385
34 67 91
34 68 291
34 69 325
34 70 328
34 71 157
34 72 207
34 73 172
34 74 205
34 75 99
34 76 398
34 77 146
34 78 313
34 79 205
34 80 107
34 81 99
34 82 275
34 83 391
34 84 255
34 85 293
34 86 396
34 87 350
34 88 219
34 89 292
34 90 191
34 91 247
34 92 107
34 93 129
34 94 167
34 95 229
34 96 358
34 97 119
34 98 437
34 99 96
34 100 73
35 36 96
35 37 271
35 38 196
35 39 302
35 40 486
35 41 561
35 42 628
35 43 483
35 44 92
35 45 153
35 46 489
35 47 561
35 48 41
35 49 528
35 50 703
35 51 253
35 52 508
35 53 260
35 54 399
35 55 303
35 56 264
35 57 65
35 58 318
35 59 591
35 60 498
35 61 296
35 62 198
35 63 348
35 64 543
35 65 664
35 66 401
35 67 399
35 68 62
35 69 617
35 70 453
35 71 310
35 72 510
35 73 408
35 74 518
35 75 214
35 76 304
35 77 295
35 78 253
35 79 345
35 80 304
35 81 402
35 82 108
35 83 612
35 84 118
35 85 577
35 86 646
35 87 93
35 88 513
35 89 74
35 90 356
35 91 238
35 92 252
35 93 199
35 94 480
35 95 457
35 96 515
35 97 426
35 98 348
35 99 395
35 100 382
36 37 174
36 38 168
36 39 243
36 40 391
36 41 484
36 42 553
36 43 400
36 44 101
36 45 153
36 46 409
36 47 466
36 48 132
36 49 434
36 50 638
36 51 297
36 52 438
36 53 205
36 54 412
36 55 210
36 56 214
36 57 68
36 58 325
36 59 543
36 60 423
36 61 269
36 62 250
36 63 333
36 64 500
36 65 602
36 66 404
36 67 314
36 68 66
36 69 541
36 70 424
36 71 258
36 72 416
36 73 344
36 74 428
36 75 125
36 76 336
36 77 242
36 78 266
36 79 303
36 80 207
36 81 309
36 82 133
36 83 561
36 84 126
36 85 504
36 86 586
36 87 169
36 88 436
36 89 119
36 90 308
36 91 227
36 92 186
36 93 103
36 94 391
36 95 399
36 96 480
36 97 342
36 98 382
36 99 302
36 100 297
37 38 234
37 39 212
37 40 222
37 41 364
37 42 433
37 43 266
37 44 243
37 45 261
37 46 285
37 47 296
37 48 305
37 49 265
37 50 540
37 51 419
37 52 338
37 53 200
37 54 480
37 55 63
37 56 218
37 57 231
37 58 396
37 59 487
37 60 312
37 61 296
37 62 386
37 63 367
37 64 457
37 65 512
37 66 456
37 67 186
37 68 231
37 69 421
37 70 420
37 71 240
37 72 248
37 73 276
37 74 276
37 75 87
37 76 439
37 77 226
37 78 355
37 79 292
37 80 33
37 81 148
37 82 273
37 83 496
37 84 256
37 85 392
37 86 500
37 87 333
37 88 317
37 89 276
37 90 283
37 91 294
37 92 167
37 93 75
37 94 239
37 95 333
37 96 457
37 97 215
37 98 483
37 99 138
37 100 171
38 39 122
38 40 385
38 41 391
38 42 454
38 43 333
38 44 104
38 45 56
38 46 330
38 47 453
38 48 197
38 49 420
38 50 514
38 51 192
38 52 329
38 53 83
38 54 255
38 55 220
38 56 77
38 57 221
38 58 167
38 59 394
38 60 327
38 61 102
38 62 173
38 63 164
38 64 346
38 65 474
38 66 239
38 67 259
38 68 218
38 69 443
38 70 260
38 71 120
38 72 404
38 73 224
38 74 384
38 75 147
38 76 205
38 77 108
38 78 121
38 79 149
38 80 262
38 81 299
38 82 103
38 83 417
38 84 84
38 85 400
38 86 455
38 87 182
38 88 346
38 89 135
38 90 162
38 91 64
38 92 96
38 93 174
38 94 350
38 95 267
38 96 319
38 97 279
38 98 248
38 99 297
38 100 245
39 40 289
39 41 268
39 42 332
39 43 214
39 44 217
39 45 179
39 46 208
39 47 349
39 48 312
39 49 318
39 50 400
39 51 294
39 52 208
39 53 42
39 54 291
39 55 167
39 56 46
39 57 308
39 58 218
39 59 301
39 60 204
39 61 104
39 62 288
39 63 166
39 64 261
39 65 362
39 66 258
39 67 150
39 68 306
39 69 321
39 70 208
39 71 30
39 72 303
39 73 105
39 74 270
39 75 148
39 76 287
39 77 21
39 78 205
39 79 80
39 80 226
39 81 210
39 82 224
39 83 318
39 84 203
39 85 279
39 86 345
39 87 303
39 88 223
39 89 253
39 90 73
39 91 142
39 92 57
39 93 189
39 94 240
39 95 156
39 96 250
39 97 164
39 98 321
39 99 212
39 100 139
40 41 228
40 42 283
40 43 141
40 44 438
40 45 432
40 46 171
40 47 74
40 48 515
40 49 43
40 50 410
40 51 575
40 52 250
40 53 311
40 54 576
40 55 183
40 56 327
40 57 452
40 58 507
40 59 430
40 60 214
40 61 393
40 62 558
40 63 448
40 64 425
40 65 398
40 66 538
40 67 143
40 68 452
40 69 273
40 70 445
40 71 315
40 72 26
40 73 267
40 74 93
40 75 274
40 76 575
40 77 311
40 78 492
40 79 349
40 80 193
40 81 87
40 82 461
40 83 425
40 84 440
40 85 266
40 86 396
40 87 533
40 88 202
40 89 475
40 90 328
40 91 426
40 92 289
40 93 287
40 94 80
40 95 303
40 96 450
40 97 143
40 98 611
40 99 91
40 100 150
41 42 69
41 43 100
41 44 483
41 45 448
41 46 78
41 47 225
41 48 576
41 49 214
41 50 184
41 51 545
41 52 71
41 53 309
41 54 477
41 55 301
41 56 314
41 57 552
41 58 438
41 59 221
41 60 63
41 61 339
41 62 550
41 63 362
41 64 235
41 65 169
41 66 432
41 67 177
41 68 551
41 69 58
41 70 303
41 71 275
41 72 215
41 73 172
41 74 136
41 75 361
41 76 521
41 77 283
41 78 453
41 79 273
41 80 351
41 81 232
41 82 492
41 83 208
41 84 471
41 85 38
41 86 168
41 87 572
41 88 48
41 89 520
41 90 250
41 91 399
41 92 310
41 93 395
41 94 152
41 95 157
41 96 278
41 97 149
41 98 543
41 99 244
41 100 194
42 43 167
42 44 548
42 45 511
42 46 148
42 47 264
42 48 642
42 49 261
42 50 129
42 51 598
42 52 125
42 53 374
42 54 516
42 55 370
42 56 377
42 57 621
42 58 486
42 59 217
42 60 130
42 61 394
42 62 608
42 63 408
42 64 246
42 65 128
42 66 470
42 67 247
42 68 620
42 69 11
42 70 334
42 71 335
42 72 266
42 73 231
42 74 189
42 75 431
42 76 570
42 77 345
42 78 507
42 79 327
42 80 419
42 81 298
42 82 556
42 83 196
42 84 536
42 85 54
42 86 136
42 87 636
42 88 117
42 89 585
42 90 305
42 91 456
42 92 376
42 93 465
42 94 212
42 95 203
42 96 296
42 97 218
42 98 589
42 99 309
42 100 264
43 44 413
43 45 388
43 46 29
43 47 165
43 48 503
43 49 142
43 50 284
43 51 506
43 52 108
43 53 250
43 54 471
43 55 205
43 56 259
43 57 467
43 58 415
43 59 288
43 60 72
43 61 305
43 62 502
43 63 346
43 64 285
43 65 265
43 66 429
43 67 85
43 68 466
43 69 156
43 70 319
43 71 230
43 72 137
43 73 148
43 74 68
43 75 274
43 76 493
43 77 233
43 78 416
43 79 248
43 80 252
43 81 132
43 82 428
43 83 283
43 84 406
43 85 134
43 86 260
43 87 506
43 88 62
43 89 451
43 90 224
43 91 355
43 92 241
43 93 305
43 94 60
43 95 169
43 96 315
43 97 57
43 98 522
43 99 143
43 100 103
44 45 62
44 46 415
44 47 510
44 48 94
44 49 477
44 50 616
44 51 196
44 52 426
44 53 175
44 54 319
44 55 257
44 56 176
44 57 129
44 58 234
44 59 499
44 60 419
44 61 203
44 62 150
44 63 256
44 64 450
44 65 576
44 66 316
44 67 332
44 68 126
44 69 537
44 70 360
44 71 221
44 72 460
44 73 322
44 74 455
44 75 166
44 76 236
44 77 208
44 78 171
44 79 254
44 80 276
44 81 351
44 82 32
44 83 521
44 84 28
44 85 496
44 86 558
44 87 95
44 88 436
44 89 37
44 90 266
44 91 146
44 92 173
44 93 169
44 94 419
44 95 369
44 96 422
44 97 356
44 98 281
44 99 346
44 100 315
45 46 386
45 47 502
45 48 146
45 49 469
45 50 569
45 51 158
45 52 386
45 53 139
45 54 260
45 55 260
45 56 134
45 57 191
45 58 173
45 59 444
45 60 384
45 61 144
45 62 126
45 63 194
45 64 394
45 65 528
45 66 254
45 67 312
45 68 188
45 69 500
45 70 300
45 71 176
45 72 452
45 73 281
45 74 437
45 75 175
45 76 187
45 77 165
45 78 113
45 79 201
45 80 292
45 81 345
45 82 49
45 83 467
45 84 34
45 85 457
45 86 509
45 87 125
45 88 402
45 89 84
45 90 216
45 91 85
45 92 148
45 93 192
45 94 402
45 95 322
45 96 363
45 97 334
45 98 232
45 99 342
45 100 297
46 47 191
46 48 507
46 49 170
46 50 259
46 51 497
46 52 79
46 53 247
46 54 453
46 55 222
46 56 254
46 57 477
46 58 401
46 59 258
46 60 43
46 61 293
46 62 496
46 63 329
46 64 256
46 65 238
46 66 410
46 67 99
46 68 476
46 69 136
46 70 295
46 71 221
46 72 166
46 73 130
46 74 93
46 75 285
46 76 481
46 77 226
46 78 406
46 79 233
46 80 273
46 81 157
46 82 428
46 83 254
46 84 406
46 85 109
46 86 231
46 87 507
46 88 35
46 89 453
46 90 209
46 91 347
46 92 242
46 93 318
46 94 90
46 95 144
46 96 288
46 97 70
46 98 508
46 99 168
46 100 116
47 48 589
47 49 33
47 50 393
47 51 640
47 52 266
47 53 376
47 54 628
47 55 257
47 56 390
47 57 527
47 58 565
47 59 442
47 60 232
47 61 451
47 62 626
47 63 501
47 64 446
47 65 389
47 66 588
47 67 199
47 68 527
47 69 256
47 70 484
47 71 373
47 72 50
47 73 309
47 74 97
47 75 348
47 76 637
47 77 371
47 78 555
47 79 401
47 80 267
47 81 159
47 82 533
47 83 432
47 84 512
47 85 262
47 86 391
47 87 606
47 88 214
47 89 548
47 90 379
47 91 490
47 92 356
47 93 362
47 94 113
47 95 334
47 96 479
47 97 190
47 98 670
47 99 165
47 100 210
48 49 557
48 50 710
48 51 221
48 52 520
48 53 269
48 54 375
48 55 332
48 56 270
48 57 106
48 58 298
48 59 590
48 60 512
48 61 291
48 62 164
48 63 336
48 64 541
48 65 670
48 66 382
48 67 420
48 68 103
48 69 631
48 70 445
48 71 316
48 72 539
48 73 417
48 74 542
48 75 241
48 76 275
48 77 302
48 78 233
48 79 346
48 80 338
48 81 430
48 82 97
48 83 613
48 84 113
48 85 590
48 86 651
48 87 55
48 88 529
48 89 61
48 90 359
48 91 229
48 92 266
48 93 231
48 94 505
48 95 463
48 96 509
48 97 446
48 98 317
48 99 424
48 100 403
49 50 390
49 51 608
49 52 248
49 53 343
49 54 599
49 55 224
49 56 358
49 57 495
49 58 534
49 59 426
49 60 213
49 61 420
49 62 593
49 63 472
49 64 427
49 65 382
49 66 559
49 67 168
49 68 495
49 69 252
49 70 459
49 71 342
49 72 17
49 73 282
49 74 79
49 75 315
49 76 605
49 77 339
49 78 523
49 79 372
49 80 237
49 81 126
49 82 499
49 83 418
49 84 479
49 85 252
49 86 382
49 87 573
49 88 197
49 89 515
49 90 350
49 91 458
49 92 323
49 93 330
49 94 86
49 95 311
49 96 457
49 97 161
49 98 639
49 99 132
49 100 178
50 51 627
50 52 203
50 53 442
50 54 511
50 55 476
50 56 440
50 57 705
50 58 504
50 59 167
50 60 227
50 61 434
50 62 647
50 63 427
50 64 217
50 65 44
50 66 466
50 67 353
50 68 703
50 69 137
50 70 328
50 71 394
50 72 394
50 73 295
50 74 316
50 75 523
50 76 588
50 77 408
50 78 540
50 79 370
50 80 531
50 81 416
50 82 617
50 83 136
50 84 598
50 85 149
50 86 66
50 87 694
50 88 224
50 89 649
50 90 352
50 91 501
50 92 453
50 93 561
50 94 336
50 95 246
50 96 271
50 97 326
50 98 596
50 99 427
50 100 368
51 52 475
51 53 264
51 54 172
51 55 412
51 56 250
51 57 312
51 58 126
51 59 475
51 60 484
51 61 206
51 62 56
51 63 200
51 64 421
51 65 583
51 66 196
51 67 443
51 68 309
51 69 589
51 70 308
51 71 276
51 72 592
51 73 373
51 74 564
51 75 333
51 76 60
51 77 273
51 78 91
51 79 271
51 80 449
51 81 490
51 82 163
51 83 504
51 84 172
51 85 544
51 86 561
51 87 167
51 88 505
51 89 185
51 90 294
51 91 151
51 92 286
51 93 351
51 94 533
51 95 396
51 96 375
51 97 458
51 98 97
51 99 489
51 100 430
52 53 250
52 54 405
52 55 275
52 56 252
52 57 506
52 58 366
52 59 179
52 60 35
52 61 270
52 62 483
52 63 290
52 64 179
52 65 173
52 66 360
52 67 155
52 68 504
52 69 115
52 70 234
52 71 210
52 72 245
52 73 105
52 74 169
52 75 320
52 76 450
52 77 220
52 78 384
52 79 204
52 80 332
52 81 228
52 82 432
52 83 175
52 84 412
52 85 71
52 86 162
52 87 511
52 88 52
52 89 461
52 90 181
52 91 332
52 92 256
52 93 357
52 94 169
52 95 85
52 96 215
52 97 131
52 98 471
52 99 239
52 100 168
53 54 284
53 55 166
53 56 18
53 57 269
53 58 204
53 59 338
53 60 245
53 61 97
53 62 253
53 63 167
53 64 295
53 65 403
53 66 256
53 67 179
53 68 266
53 69 363
53 70 230
53 71 53
53 72 328
53 73 147
53 74 302
53 75 124
53 76 265
53 77 37
53 78 180
53 79 102
53 80 220
53 81 228
53 82 182
53 83 356
53 84 162
53 85 321
53 86 386
53 87 262
53 88 263
53 89 211
53 90 103
53 91 114
53 92 32
53 93 164
53 94 270
53 95 197
53 96 279
53 97 197
53 98 303
53 99 228
53 100 165
54 55 451
54 56 265
54 57 448
54 58 88
54 59 347
54 60 426
54 61 188
54 62 224
54 63 127
54 64 294
54 65 468
54 66 45
54 67 432
54 68 445
54 69 509
54 70 184
54 71 262
54 72 586
54 73 323
54 74 537
54 75 397
54 76 112
54 77 270
54 78 147
54 79 226
54 80 504
54 81 501
54 82 293
54 83 377
54 84 290
54 85 465
54 86 445
54 87 327
54 88 449
54 89 325
54 90 249
54 91 191
54 92 316
54 93 428
54 94 514
54 95 320
54 96 241
54 97 438
54 98 94
54 99 503
54 100 425
55 56 185
55 57 273
55 58 370
55 59 427
55 60 249
55 61 262
55 62 386
55 63 330
55 64 399
55 65 448
55 66 421
55 67 123
55 68 273
55 69 359
55 70 371
55 71 197
55 72 207
55 73 216
55 74 221
55 75 91
55 76 424
55 77 184
55 78 338
55 79 246
55 80 63
55 81 99
55 82 282
55 83 435
55 84 262
55 85 329
55 86 437
55 87 352
55 88 255
55 89 293
55 90 234
55 91 274
55 92 135
55 93 107
55 94 184
55 95 273
55 96 403
55 97 152
55 98 465
55 99 92
55 100 107
56 57 277
56 58 186
56 59 329
56 60 250
56 61 78
56 62 242
56 63 148
56 64 285
56 65 400
56 66 237
56 67 192
56 68 274
56 69 366
56 70 215
56 71 46
56 72 343
56 73 147
56 74 314
56 75 142
56 76 248
56 77 32
56 78 164
56 79 88
56 80 239
56 81 244
56 82 180
56 83 349
56 84 159
56 85 323
56 86 382
56 87 259
56 88 269
56 89 210
56 90 94
56 91 99
56 92 51
56 93 180
56 94 283
56 95 193
56 96 266
56 97 209
56 98 285
56 99 245
56 100 180
57 58 364
57 59 606
57 60 491
57 61 323
57 62 259
57 63 382
57 64 562
57 65 669
57 66 445
57 67 382
57 68 3
57 69 610
57 70 481
57 71 322
57 72 477
57 73 411
57 74 494
57 75 192
57 76 360
57 77 306
57 78 300
57 79 364
57 80 262
57 81 372
57 82 156
57 83 625
57 84 158
57 85 572
57 86 653
57 87 158
57 88 504
57 89 127
57 90 371
57 91 274
57 92 253
57 93 166
57 94 456
57 95 465
57 96 539
57 97 410
57 98 405
57 99 364
57 100 364
58 59 349
58 60 380
58 61 114
58 62 163
58 63 78
58 64 295
58 65 460
58 66 83
58 67 366
58 68 360
58 69 477
58 70 181
58 71 192
58 72 520
58 73 271
58 74 479
58 75 310
58 76 84
58 77 196
58 78 65
58 79 168
58 80 420
58 81 428
58 82 210
58 83 378
58 84 205
58 85 432
58 86 438
58 87 255
58 88 403
58 89 244
58 90 192
58 91 103
58 92 234
58 93 341
58 94 452
58 95 283
58 96 248
58 97 375
58 98 107
58 99 429
58 100 357
59 60 215
59 61 300
59 62 503
59 63 276
59 64 54
59 65 125
59 66 303
59 67 321
59 68 604
59 69 216
59 70 168
59 71 284
59 72 424
59 73 211
59 74 347
59 75 445
59 76 431
59 77 300
59 78 394
59 79 245
59 80 489
59 81 401
59 82 494
59 83 30
59 84 477
59 85 187
59 86 103
59 87 565
59 88 229
59 89 528
59 90 235
59 91 366
59 92 358
59 93 486
59 94 349
59 95 153
59 96 105
59 97 302
59 98 435
59 99 410
59 100 330
60 61 278
60 62 488
60 63 306
60 64 214
60 65 201
60 66 381
60 67 126
60 68 490
60 69 119
60 70 260
60 71 211
60 72 209
60 73 110
60 74 134
60 75 302
60 76 462
60 77 219
60 78 392
60 79 214
60 80 304
60 81 195
60 82 428
60 83 211
60 84 407
60 85 81
60 86 193
60 87 508
60 88 22
60 89 456
60 90 190
60 91 336
60 92 246
60 93 338
60 94 133
60 95 108
60 96 248
60 97 100
60 98 487
60 99 206
60 100 141
61 62 215
61 63 70
61 64 250
61 65 392
61 66 159
61 67 252
61 68 320
61 69 384
61 70 157
61 71 78
61 72 406
61 73 167
61 74 367
61 75 217
61 76 188
61 77 82
61 78 114
61 79 66
61 80 317
61 81 314
61 82 194
61 83 325
61 84 178
61 85 339
61 86 371
61 87 265
61 88 299
61 89 229
61 90 88
61 91 67
61 92 129
61 93 254
61 94 339
61 95 193
61 96 218
61 97 262
61 98 219
61 99 316
61 100 242
62 63 227
62 64 450
62 65 604
62 66 241
62 67 432
62 68 255
62 69 598
62 70 340
62 71 276
62 72 577
62 73 378
62 74 556
62 75 301
62 76 114
62 77 270
62 78 109
62 79 281
62 80 417
62 81 471
62 82 117
62 83 531
62 84 131
62 85 554
62 86 583
62 87 110
62 88 508
62 89 133
62 90 303
62 91 151
62 92 269
62 93 314
62 94 523
62 95 409
62 96 407
62 97 451
62 98 154
62 99 468
62 100 418
63 64 222
63 65 383
63 66 91
63 67 305
63 68 379
63 69 400
63 70 113
63 71 137
63 72 459
63 73 199
63 74 412
63 75 288
63 76 163
63 77 146
63 78 118
63 79 99
63 80 387
63 81 374
63 82 240
63 83 304
63 84 229
63 85 355
63 86 361
63 87 301
63 88 329
63 89 276
63 90 122
63 91 109
63 92 199
63 93 324
63 94 388
63 95 206
63 96 179
63 97 311
63 98 181
63 99 377
63 100 298
64 65 173
64 66 250
64 67 304
64 68 559
64 69 243
64 70 114
64 71 241
64 72 422
64 73 182
64 74 348
64 75 408
64 76 377
64 77 258
64 78 340
64 79 198
64 80 462
64 81 385
64 82 444
64 83 83
64 84 427
64 85 207
64 86 151
64 87 514
64 88 232
64 89 479
64 90 191
64 91 315
64 92 318
64 93 449
64 94 345
64 95 128
64 96 54
64 97 289
64 98 381
64 99 394
64 100 310
65 66 422
65 67 328
65 68 667
65 69 133
65 70 284
65 71 354
65 72 385
65 73 258
65 74 305
65 75 489
65 76 544
65 77 369
65 78 496
65 79 328
65 80 505
65 81 395
65 82 577
65 83 95
65 84 558
65 85 132
65 86 22
65 87 653
65 88 203
65 89 610
65 90 311
65 91 459
65 92 416
65 93 528
65 94 321
65 95 206
65 96 227
65 97 301
65 98 552
65 99 406
65 100 341
66 67 394
66 68 442
66 69 463
66 70 139
66 71 228
66 72 547
66 73 281
66 74 496
66 75 374
66 76 139
66 77 238
66 78 148
66 79 188
66 80 477
66 81 465
66 82 293
66 83 333
66 84 287
66 85 419
66 86 400
66 87 337
66 88 404
66 89 327
66 90 209
66 91 176
66 92 289
66 93 408
66 94 474
66 95 275
66 96 197
66 97 398
66 98 133
66 99 469
66 100 388
67 68 381
67 69 235
67 70 306
67 71 173
67 72 154
67 73 129
67 74 124
67 75 189
67 76 437
67 77 171
67 78 356
67 79 206
67 80 177
67 81 82
67 82 349
67 83 325
67 84 328
67 85 206
67 86 318
67 87 427
67 88 131
67 89 370
67 90 185
67 91 291
67 92 164
67 93 220
67 94 90
67 95 175
67 96 320
67 97 28
67 98 471
67 99 90
67 100 17
68 69 608
68 70 478
68 71 319
68 72 477
68 73 409
68 74 493
68 75 191
68 76 356
68 77 303
68 78 297
68 79 361
68 80 262
68 81 372
68 82 152
68 83 623
68 84 155
68 85 570
68 86 650
68 87 155
68 88 502
68 89 124
68 90 368
68 91 270
68 92 250
68 93 165
68 94 455
68 95 462
68 96 536
68 97 409
68 98 401
68 99 364
68 100 363
69 70 328
69 71 325
69 72 257
69 73 220
69 74 179
69 75 419
69 76 562
69 77 335
69 78 498
69 79 318
69 80 408
69 81 287
69 82 546
69 83 196
69 84 525
69 85 45
69 86 139
69 87 625
69 88 106
69 89 574
69 90 296
69 91 447
69 92 365
69 93 453
69 94 202
69 95 194
69 96 292
69 97 206
69 98 581
69 99 298
69 100 252
70 71 181
70 72 450
70 73 178
70 74 387
70 75 354
70 76 262
70 77 197
70 78 231
70 79 129
70 80 433
70 81 386
70 82 348
70 83 198
70 84 334
70 85 286
70 86 262
70 87 413
70 88 283
70 89 384
70 90 137
70 91 216
70 92 260
70 93 394
70 94 372
70 95 152
70 96 67
70 97 302
70 98 268
70 99 392
70 100 306
71 72 328
71 73 104
71 74 290
71 75 173
71 76 265
71 77 16
71 78 186
71 79 51
71 80 256
71 81 238
71 82 224
71 83 303
71 84 204
71 85 281
71 86 336
71 87 302
71 88 232
71 89 255
71 90 49
71 91 125
71 92 79
71 93 214
71 94 261
71 95 148
71 96 226
71 97 185
71 98 297
71 99 241
71 100 164
72 73 272
72 74 79
72 75 297
72 76 590
72 77 325
72 78 508
72 79 360
72 80 220
72 81 109
72 82 482
72 83 417
72 84 462
72 85 254
72 86 384
72 87 556
72 88 194
72 89 497
72 90 338
72 91 442
72 92 307
72 93 312
72 94 77
72 95 303
72 96 451
72 97 149
72 98 625
72 99 115
72 100 164
73 74 215
73 75 236
73 76 352
73 77 115
73 78 281
73 79 103
73 80 279
73 81 210
73 82 327
73 83 223
73 84 307
73 85 176
73 86 241
73 87 406
73 88 132
73 89 358
73 90 79
73 91 226
73 92 158
73 93 276
73 94 196
73 95 58
73 96 192
73 97 123
73 98 378
73 99 218
73 100 131
74 75 304
74 76 555
74 77 291
74 78 476
74 79 312
74 80 254
74 81 127
74 82 473
74 83 338
74 84 452
74 85 174
74 86 304
74 87 551
74 88 117
74 89 493
74 90 289
74 91 413
74 92 289
74 93 328
74 94 37
74 95 236
74 96 381
74 97 106
74 98 586
74 99 138
74 100 140
75 76 352
75 77 157
75 78 268
75 79 225
75 80 116
75 81 189
75 82 192
75 83 459
75 84 173
75 85 384
75 86 475
75 87 260
75 88 313
75 89 201
75 90 221
75 91 208
75 92 94
75 93 41
75 94 266
75 95 293
75 96 399
75 97 217
75 98 396
75 99 183
75 100 171
76 77 265
76 78 85
76 79 248
76 80 467
76 81 493
76 82 205
76 83 460
76 84 209
76 85 516
76 86 521
76 87 223
76 88 485
76 89 232
76 90 272
76 91 150
76 92 291
76 93 376
76 94 526
76 95 367
76 96 327
76 97 450
76 98 45
76 99 493
76 100 426
77 78 185
77 79 67
77 80 243
77 81 231
77 82 212
77 83 319
77 84 192
77 85 291
77 86 350
77 87 290
77 88 239
77 89 242
77 90 66
77 91 122
77 92 63
77 93 197
77 94 261
77 95 162
77 96 243
77 97 185
77 98 300
77 99 233
77 100 161
78 79 180
78 80 383
78 81 408
78 82 145
78 83 421
78 84 142
78 85 453
78 86 475
78 87 190
78 88 414
78 89 179
78 90 202
78 91 65
78 92 206
78 93 294
78 94 446
78 95 305
78 96 298
78 97 370
78 98 127
78 99 408
78 100 344
79 80 307
79 81 278
79 82 250
79 83 267
79 84 232
79 85 273
79 86 308
79 87 325
79 88 236
79 89 284
79 90 23
79 91 131
79 92 130
79 93 265
79 94 288
79 95 127
79 96 177
79 97 211
79 98 275
79 99 282
79 100 200
80 81 126
80 82 305
80 83 496
80 84 288
80 85 382
80 86 495
80 87 367
80 88 307
80 89 309
80 90 296
80 91 320
80 92 188
80 93 108
80 94 218
80 95 336
80 96 466
80 97 204
80 98 510
80 99 116
80 100 163
81 82 374
81 83 402
81 84 353
81 85 266
81 86 388
81 87 447
81 88 192
81 89 388
81 90 259
81 91 343
81 92 204
81 93 206
81 94 92
81 95 257
81 96 402
81 97 98
81 98 530
81 99 11
81 100 80
82 83 517
82 84 21
82 85 503
82 86 558
82 87 79
82 88 446
82 89 36
82 90 265
82 91 132
82 92 186
82 93 199
82 94 438
82 95 371
82 96 412
82 97 372
82 98 251
82 99 370
82 100 333
83 84 500
83 85 172
83 86 73
83 87 590
83 88 222
83 89 551
83 90 255
83 91 391
83 92 375
83 93 499
83 94 344
83 95 165
83 96 136
83 97 303
83 98 465
83 99 412
83 100 335
84 85 482
84 86 539
84 87 100
84 88 425
84 89 51
84 90 246
84 91 119
84 92 165
84 93 183
84 94 416
84 95 352
84 96 397
84 97 351
84 98 255
84 99 349
84 100 312
85 86 130
85 87 582
85 88 75
85 89 532
85 90 251
85 91 402
85 92 325
85 93 419
85 94 189
85 95 149
85 96 254
85 97 178
85 98 536
85 99 278
85 100 221
86 87 633
86 88 197
86 89 590
86 90 292
86 91 438
86 92 399
86 93 514
86 94 317
86 95 188
86 96 205
86 97 293
86 98 530
86 99 399
86 100 331
87 88 526
87 89 58
87 90 341
87 91 199
87 92 265
87 93 258
87 94 514
87 95 448
87 96 478
87 97 450
87 98 264
87 99 442
87 100 410
88 89 473
88 90 212
88 91 357
88 92 263
88 93 347
88 94 122
88 95 131
88 96 268
88 97 102
88 98 509
88 99 203
88 100 147
89 90 298
89 91 168
89 92 210
89 93 201
89 94 457
89 95 403
89 96 447
89 97 394
89 98 277
89 99 383
89 100 353
90 91 151
90 92 128
90 93 262
90 94 265
90 95 107
90 96 177
90 97 188
90 98 299
90 99 263
90 100 180
91 92 140
91 93 238
91 94 382
91 95 258
91 96 280
91 97 307
91 98 190
91 99 342
91 100 279
92 93 134
92 94 254
92 95 212
92 96 306
92 97 186
92 98 330
92 99 203
92 100 149
93 94 290
93 95 334
93 96 440
93 97 249
93 98 420
93 99 198
93 100 202
94 95 225
94 96 373
94 97 77
94 98 559
94 99 102
94 100 105
95 96 147
95 97 162
95 98 387
95 99 266
95 100 181
96 97 309
96 98 330
96 99 410
96 100 324
97 98 482
97 99 108
97 100 46
98 99 531
98 100 461
99 100 86
