60 1770
1 2 443
1 3 298
1 4 496
1 5 211
1 6 621
1 7 142
1 8 346
1 9 417
1 10 401
1 11 300
1 12 84
1 13 490
1 14 271
1 15 445
1 16 264
1 17 233
1 18 300
1 19 238
1 20 348
1 21 279
1 22 340
1 23 280
1 24 324
1 25 252
1 26 197
1 27 459
1 28 469
1 29 201
1 30 232
1 31 125
1 32 235
1 33 384
1 34 505
1 35 428
1 36 421
1 37 252
1 38 342
1 39 247
1 40 322
1 41 370
1 42 512
1 43 161
1 44 518
1 45 396
1 46 69
1 47 236
1 48 152
1 49 268
1 50 160
1 51 418
1 52 246
1 53 471
1 54 188
1 55 479
1 56 518
1 57 197
1 58 240
1 59 318
1 60 404
2 3 153
2 4 67
2 5 237
2 6 178
2 7 394
2 8 426
2 9 189
2 10 324
2 11 322
2 12 522
2 13 197
2 14 323
2 15 162
2 16 351
2 17 328
2 18 329
2 19 433
2 20 249
2 21 311
2 22 347
2 23 193
2 24 415
2 25 192
2 26 251
2 27 25
2 28 94
2 29 242
2 30 230
2 31 321
2 32 225
2 33 67
2 34 67
2 35 125
2 36 150
2 37 195
2 38 161
2 39 256
2 40 353
2 41 268
2 42 112
2 43 366
2 44 220
2 45 310
2 46 458
2 47 344
2 48 291
2 49 239
2 50 343
2 51 101
2 52 342
2 53 36
2 54 255
2 55 182
2 56 83
2 57 346
2 58 208
2 59 408
2 60 248
3 4 216
3 5 113
3 6 325
3 7 241
3 8 380
3 9 233
3 10 242
3 11 198
3 12 372
3 13 219
3 14 190
3 15 169
3 16 284
3 17 248
3 18 280
3 19 346
3 20 235
3 21 253
3 22 313
3 23 124
3 24 362
3 25 48
3 26 125
3 27 165
3 28 211
3 29 107
3 30 77
3 31 172
3 32 122
3 33 112
3 34 220
3 35 140
3 36 143
3 37 47
3 38 152
3 39 111
3 40 310
3 41 182
3 42 248
3 43 257
3 44 249
3 45 229
3 46 323
3 47 265
3 48 148
3 49 174
3 50 190
3 51 175
3 52 267
3 53 175
3 54 113
3 55 205
3 56 220
3 57 197
3 58 94
3 59 354
3 60 267
4 5 286
4 6 141
4 7 457
4 8 434
4 9 177
4 10 389
4 11 389
4 12 577
4 13 246
4 14 391
4 15 218
4 16 372
4 17 355
4 18 343
4 19 458
4 20 255
4 21 330
4 22 354
4 23 229
4 24 426
4 25 250
4 26 300
4 27 73
4 28 60
4 29 295
4 30 293
4 31 377
4 32 268
4 33 112
4 34 17
4 35 185
4 36 211
4 37 254
4 38 182
4 39 322
4 40 363
4 41 333
4 42 51
4 43 402
4 44 264
4 45 374
4 46 504
4 47 370
4 48 346
4 49 268
4 50 407
4 51 100
4 52 366
4 53 72
4 54 310
4 55 232
4 56 88
4 57 411
4 58 256
4 59 420
4 60 239
5 6 415
5 7 209
5 8 284
5 9 222
5 10 324
5 11 250
5 12 293
5 13 332
5 14 230
5 15 282
5 16 183
5 17 144
5 18 191
5 19 236
5 20 181
5 21 162
5 22 230
5 23 77
5 24 264
5 25 66
5 26 14
5 27 255
5 28 258
5 29 24
5 30 99
5 31 101
5 32 34
5 33 174
5 34 296
5 35 253
5 36 256
5 37 73
5 38 138
5 39 152
5 40 221
5 41 270
5 42 301
5 43 143
5 44 362
5 45 312
5 46 220
5 47 160
5 48 67
5 49 96
5 50 168
5 51 208
5 52 164
5 53 267
5 54 43
5 55 318
5 56 316
5 57 196
5 58 29
5 59 256
5 60 230
6 7 561
6 8 574
6 9 314
6 10 426
6 11 458
6 12 697
6 13 246
6 14 468
6 15 247
6 16 514
6 17 496
6 18 485
6 19 599
6 20 395
6 21 472
6 22 494
6 23 366
6 24 567
6 25 368
6 26 429
6 27 161
6 28 197
6 29 420
6 30 400
6 31 497
6 32 402
6 33 242
6 34 126
6 35 232
6 36 255
6 37 370
6 38 323
6 39 416
6 40 503
6 41 382
6 42 165
6 43 540
6 44 248
6 45 413
6 46 636
6 47 511
6 48 469
6 49 408
6 50 510
6 51 242
6 52 508
6 53 150
6 54 432
6 55 240
6 56 106
6 57 506
6 58 386
6 59 561
6 60 375
7 8 443
7 9 431
7 10 267
7 11 166
7 12 170
7 13 386
7 14 138
7 15 348
7 16 346
7 17 307
7 18 372
7 19 350
7 20 387
7 21 345
7 22 414
7 23 286
7 24 420
7 25 211
7 26 202
7 27 404
7 28 447
7 29 187
7 30 164
7 31 114
7 32 243
7 33 350
7 34 462
7 35 341
7 36 328
7 37 205
7 38 345
7 39 147
7 40 399
7 41 247
7 42 486
7 43 253
7 44 412
7 45 264
7 46 208
7 47 317
7 48 145
7 49 300
7 50 51
7 51 402
7 52 325
7 53 414
7 54 167
7 55 379
7 56 455
7 57 65
7 58 231
7 59 413
7 60 439
8 9 261
8 10 608
8 11 531
8 12 415
8 13 589
8 14 509
8 15 539
8 16 102
8 17 142
8 18 100
8 19 115
8 20 179
8 21 126
8 22 80
8 23 257
8 24 22
8 25 344
8 26 280
8 27 451
8 28 377
8 29 305
8 30 383
8 31 335
8 32 261
8 33 363
8 34 451
8 35 503
8 36 515
8 37 353
8 38 266
8 39 435
8 40 73
8 41 553
8 42 412
8 43 191
8 44 618
8 45 597
8 46 290
8 47 128
8 48 315
8 49 206
8 50 422
8 51 335
8 52 122
8 53 462
8 54 319
8 55 573
8 56 507
8 57 459
8 58 290
8 59 29
8 60 203
9 10 470
9 11 430
9 12 501
9 13 382
9 14 420
9 15 339
9 16 218
9 17 215
9 18 181
9 19 307
9 20 89
9 21 177
9 22 182
9 23 145
9 24 256
9 25 233
9 26 232
9 27 213
9 28 118
9 29 243
9 30 288
9 31 323
9 32 190
9 33 147
9 34 195
9 35 300
9 36 321
9 37 241
9 38 86
9 39 338
9 40 194
9 41 409
9 42 150
9 43 281
9 44 407
9 45 456
9 46 401
9 47 226
9 48 289
9 49 149
9 50 387
9 51 88
9 52 219
9 53 222
9 54 263
9 55 366
9 56 259
9 57 408
9 58 200
9 59 251
9 60 61
10 11 102
10 12 438
10 13 185
10 14 130
10 15 180
10 16 507
10 17 468
10 18 513
10 19 551
10 20 478
10 21 485
10 22 550
10 23 364
10 24 588
10 25 266
10 26 329
10 27 316
10 28 415
10 29 304
10 30 225
10 31 305
10 32 349
10 33 328
10 34 382
10 35 205
10 36 179
10 37 257
10 38 393
10 39 177
10 40 543
10 41 60
10 42 437
10 43 449
10 44 195
10 45 14
10 46 458
10 47 484
10 48 308
10 49 409
10 50 240
10 51 396
10 52 489
10 53 318
10 54 293
10 55 187
10 56 335
10 57 205
10 58 320
10 59 581
10 60 510
11 12 336
11 13 243
11 14 28
11 15 217
11 16 429
11 17 389
11 18 441
11 19 463
11 20 421
11 21 412
11 22 480
11 23 305
11 24 510
11 25 204
11 26 252
11 27 321
11 28 401
11 29 227
11 30 152
11 31 211
11 32 279
11 33 305
11 34 387
11 35 226
11 36 204
11 37 194
11 38 347
11 39 98
11 40 471
11 41 89
11 42 431
11 43 360
11 44 263
11 45 98
11 46 358
11 47 404
11 48 220
11 49 343
11 50 139
11 51 371
11 52 409
11 53 327
11 54 212
11 55 239
11 56 356
11 57 103
11 58 253
11 59 503
11 60 460
12 13 550
12 14 309
12 15 508
12 16 341
12 17 314
12 18 380
12 19 302
12 20 432
12 21 360
12 22 418
12 23 364
12 24 394
12 25 329
12 26 280
12 27 536
12 28 552
12 29 281
12 30 301
12 31 201
12 32 319
12 33 465
12 34 585
12 35 494
12 36 485
12 37 327
12 38 426
12 39 305
12 40 399
12 41 417
12 42 595
12 43 240
12 44 576
12 45 435
12 46 125
12 47 315
12 48 231
12 49 353
12 50 208
12 51 501
12 52 325
12 53 547
12 54 266
12 55 540
12 56 593
12 57 235
12 58 322
12 59 389
12 60 488
13 14 261
13 15 50
13 16 498
13 17 465
13 18 488
13 19 565
13 20 424
13 21 464
13 22 516
13 23 332
13 24 573
13 25 265
13 26 344
13 27 178
13 28 291
13 29 322
13 30 261
13 31 368
13 32 340
13 33 237
13 34 234
13 35 85
13 36 75
13 37 261
13 38 330
13 39 245
13 40 516
13 41 155
13 42 298
13 43 476
13 44 30
13 45 174
13 46 529
13 47 482
13 48 354
13 49 384
13 50 342
13 51 294
13 52 484
13 53 174
13 54 323
13 55 15
13 56 170
13 57 322
13 58 313
13 59 565
13 60 436
14 15 231
14 16 407
14 17 367
14 18 420
14 19 438
14 20 405
14 21 392
14 22 460
14 23 289
14 24 488
14 25 189
14 26 231
14 27 325
14 28 398
14 29 206
14 30 135
14 31 184
14 32 261
14 33 300
14 34 390
14 35 236
14 36 216
14 37 180
14 38 335
14 39 82
14 40 450
14 41 111
14 42 430
14 43 335
14 44 283
14 45 126
14 46 330
14 47 381
14 48 195
14 49 324
14 50 111
14 51 365
14 52 387
14 53 332
14 54 190
14 55 256
14 56 364
14 57 75
14 58 236
14 59 480
14 60 447
15 16 448
15 17 415
15 18 439
15 19 515
15 20 376
15 21 414
15 22 467
15 23 282
15 24 523
15 25 216
15 26 294
15 27 146
15 28 256
15 29 273
15 30 214
15 31 322
15 32 290
15 33 192
15 34 209
15 35 39
15 36 25
15 37 211
15 38 283
15 39 203
15 40 467
15 41 136
15 42 269
15 43 426
15 44 80
15 45 167
15 46 482
15 47 432
15 48 306
15 49 334
15 50 302
15 51 254
15 52 433
15 53 146
15 54 274
15 55 36
15 56 155
15 57 285
15 58 262
15 59 516
15 60 392
16 17 40
16 18 42
16 19 88
16 20 128
16 21 42
16 22 76
16 23 167
16 24 81
16 25 245
16 26 178
16 27 376
16 28 320
16 29 203
16 30 282
16 31 235
16 32 162
16 33 285
16 34 387
16 35 413
16 36 423
16 37 253
16 38 192
16 39 333
16 40 57
16 41 453
16 42 360
16 43 102
16 44 528
16 45 496
16 46 220
16 47 28
16 48 214
16 49 115
16 50 321
16 51 271
16 52 20
16 53 387
16 54 217
16 55 483
16 56 435
16 57 358
16 58 191
16 59 73
16 60 176
17 18 67
17 19 104
17 20 129
17 21 46
17 22 108
17 23 138
17 24 121
17 25 208
17 26 138
17 27 352
17 28 307
17 29 164
17 30 242
17 31 196
17 32 126
17 33 261
17 34 370
17 35 382
17 36 390
17 37 216
17 38 173
17 39 293
17 40 92
17 41 414
17 42 349
17 43 74
17 44 495
17 45 457
17 46 197
17 47 16
17 48 173
17 49 88
17 50 281
17 51 256
17 52 20
17 53 364
17 54 177
17 55 450
17 56 412
17 57 318
17 58 155
17 59 113
17 60 183
18 19 127
18 20 92
18 21 28
18 22 41
18 23 157
18 24 85
18 25 247
18 26 189
18 27 354
18 28 289
18 29 214
18 30 290
18 31 258
18 32 164
18 33 265
18 34 359
18 35 402
18 36 415
18 37 256
18 38 168
18 39 343
18 40 30
18 41 456
18 42 328
18 43 139
18 44 517
18 45 501
18 46 260
18 47 64
18 48 233
18 49 106
18 50 343
18 51 243
18 52 55
18 53 365
18 54 230
18 55 473
18 56 411
18 57 378
18 58 193
18 59 78
18 60 135
19 20 217
19 21 130
19 22 146
19 23 242
19 24 95
19 25 302
19 26 226
19 27 457
19 28 408
19 29 251
19 30 327
19 31 254
19 32 225
19 33 366
19 34 473
19 35 483
19 36 490
19 37 309
19 38 276
19 39 374
19 40 127
19 41 501
19 42 448
19 43 102
19 44 595
19 45 541
19 46 177
19 47 88
19 48 243
19 49 193
19 50 338
19 51 358
19 52 91
19 53 469
19 54 258
19 55 551
19 56 517
19 57 378
19 58 252
19 59 92
19 60 262
20 21 88
20 22 99
20 23 115
20 24 171
20 25 217
20 26 186
20 27 274
20 28 199
20 29 205
20 30 269
20 31 274
20 32 147
20 33 189
20 34 271
20 35 338
20 36 354
20 37 226
20 38 93
20 39 323
20 40 107
20 41 418
20 42 236
20 43 200
20 44 452
20 45 465
20 46 323
20 47 138
20 48 242
20 49 87
20 50 349
20 51 155
20 52 131
20 53 284
20 54 225
20 55 408
20 56 328
20 57 377
20 58 169
20 59 165
20 60 55
21 22 69
21 23 132
21 24 109
21 25 219
21 26 160
21 27 336
21 28 278
21 29 185
21 30 261
21 31 231
21 32 136
21 33 245
21 34 346
21 35 379
21 36 390
21 37 228
21 38 150
21 39 314
21 40 59
21 41 428
21 42 318
21 43 121
21 44 493
21 45 473
21 46 244
21 47 50
21 48 205
21 49 80
21 50 315
21 51 229
21 52 43
21 53 347
21 54 201
21 55 449
21 56 394
21 57 349
21 58 165
21 59 101
21 60 139
22 23 189
22 24 74
22 25 283
22 26 229
22 27 372
22 28 297
22 29 253
22 30 328
22 31 300
22 32 202
22 33 286
22 34 371
22 35 430
22 36 444
22 37 292
22 38 188
22 39 382
22 40 20
22 41 492
22 42 332
22 43 178
22 44 544
22 45 537
22 46 296
22 47 103
22 48 275
22 49 140
22 50 385
22 51 255
22 52 94
22 53 383
22 54 270
22 55 500
22 56 427
22 57 419
22 58 230
22 59 70
22 60 126
23 24 241
23 25 101
23 26 87
23 27 216
23 28 192
23 29 98
23 30 153
23 31 178
23 32 45
23 33 125
23 34 241
23 35 246
23 36 258
23 37 110
23 38 62
23 39 207
23 40 186
23 41 305
23 42 235
23 43 174
23 44 361
23 45 351
23 46 277
23 47 154
23 48 144
23 49 52
23 50 242
23 51 139
23 52 154
23 53 228
23 54 118
23 55 316
23 56 276
23 57 267
23 58 56
23 59 233
23 60 158
24 25 325
24 26 259
24 27 440
24 28 370
24 29 285
24 30 363
24 31 313
24 32 242
24 33 351
24 34 442
24 35 487
24 36 499
24 37 334
24 38 253
24 39 414
24 40 63
24 41 534
24 42 406
24 43 168
24 44 602
24 45 577
24 46 269
24 47 106
24 48 293
24 49 189
24 50 399
24 51 326
24 52 100
24 53 451
24 54 298
24 55 558
24 56 496
24 57 437
24 58 271
24 59 7
24 60 201
25 26 78
25 27 207
25 28 236
25 29 58
25 30 55
25 31 128
25 32 83
25 33 140
25 34 257
25 35 188
25 36 190
25 37 9
25 38 146
25 39 106
25 40 277
25 41 209
25 42 275
25 43 210
25 44 295
25 45 254
25 46 275
25 47 225
25 48 101
25 49 143
25 50 162
25 51 192
25 52 228
25 53 218
25 54 65
25 55 252
25 56 265
25 57 177
25 58 54
25 59 318
25 60 257
26 27 270
26 28 272
26 29 25
26 30 103
26 31 91
26 32 42
26 33 189
26 34 310
26 35 265
26 36 268
26 37 83
26 38 149
26 39 155
26 40 219
26 41 276
26 42 314
26 43 132
26 44 374
26 45 318
26 46 206
26 47 154
26 48 57
26 49 99
26 50 162
26 51 221
26 52 159
26 53 282
26 54 41
26 55 330
26 56 331
26 57 192
26 58 43
26 59 251
26 60 237
27 28 113
27 29 260
27 30 241
27 31 335
27 32 246
27 33 90
27 34 67
27 35 112
27 36 138
27 37 209
27 38 186
27 39 262
27 40 378
27 41 261
27 42 123
27 43 387
27 44 199
27 45 302
27 46 476
27 47 368
27 48 307
27 49 263
27 50 353
27 51 125
27 52 366
27 53 12
27 54 271
27 55 164
27 56 61
27 57 353
27 58 227
27 59 433
27 60 273
28 29 272
28 30 285
28 31 356
28 32 235
28 33 98
28 34 77
28 35 219
28 36 244
28 37 242
28 38 136
28 39 323
28 40 306
28 41 356
28 42 43
28 43 361
28 44 312
28 45 401
28 46 469
28 47 321
28 48 323
28 49 223
28 50 397
28 51 52
28 52 317
28 53 118
28 54 289
28 55 276
28 56 146
28 57 408
28 58 229
28 59 364
28 60 179
29 30 78
29 31 84
29 32 57
29 33 183
29 34 304
29 35 246
29 36 247
29 37 61
29 38 158
29 39 130
29 40 244
29 41 251
29 42 314
29 43 154
29 44 352
29 45 293
29 46 218
29 47 180
29 48 51
29 49 120
29 50 145
29 51 223
29 52 184
29 53 271
29 54 20
29 55 309
29 56 319
29 57 172
29 58 44
29 59 277
29 60 253
30 31 107
30 32 127
30 33 187
30 34 298
30 35 195
30 36 190
30 37 46
30 38 202
30 39 54
30 40 320
30 41 173
30 42 323
30 43 228
30 44 290
30 45 215
30 46 268
30 47 258
30 48 93
30 49 190
30 50 113
30 51 244
30 52 263
30 53 251
30 54 68
30 55 250
30 56 295
30 57 123
30 58 100
30 59 355
30 60 311
31 32 133
31 33 265
31 34 384
31 35 303
31 36 297
31 37 126
31 38 240
31 39 133
31 40 286
31 41 263
31 42 397
31 43 151
31 44 397
31 45 297
31 46 161
31 47 207
31 48 33
31 49 186
31 50 86
31 51 307
31 52 215
31 53 347
31 54 66
31 55 357
31 56 393
31 57 124
31 58 127
31 59 306
31 60 326
32 33 159
32 34 279
32 35 258
32 36 265
32 37 92
32 38 108
32 39 181
32 40 194
32 41 292
32 42 278
32 43 142
32 44 370
32 45 337
32 46 236
32 47 143
32 48 99
32 49 63
32 50 202
32 51 183
32 52 145
32 53 258
32 54 77
32 55 326
32 56 307
32 57 230
32 58 29
32 59 234
32 60 196
33 34 121
33 35 153
33 36 174
33 37 145
33 38 97
33 39 224
33 40 290
33 41 268
33 42 136
33 43 299
33 44 264
33 45 314
33 46 394
33 47 277
33 48 234
33 49 172
33 50 300
33 51 68
33 52 275
33 53 102
33 54 198
33 55 221
33 56 151
33 57 309
33 58 145
33 59 344
33 60 199
34 35 177
34 36 204
34 37 260
34 38 196
34 39 324
34 40 379
34 41 328
34 42 65
34 43 415
34 44 251
34 45 368
34 46 515
34 47 385
34 48 354
34 49 282
34 50 411
34 51 116
34 52 381
34 53 63
34 54 318
34 55 221
34 56 72
34 57 414
34 58 266
34 59 436
34 60 257
35 36 26
35 37 185
35 38 245
35 39 194
35 40 430
35 41 154
35 42 235
35 43 396
35 44 114
35 45 191
35 46 460
35 47 398
35 48 283
35 49 299
35 50 292
35 51 215
35 52 399
35 53 113
35 54 250
35 55 70
35 56 132
35 57 281
35 58 231
35 59 480
35 60 352
36 37 185
36 38 261
36 39 181
36 40 443
36 41 128
36 42 261
36 43 400
36 44 105
36 45 165
36 46 457
36 47 407
36 48 281
36 49 310
36 50 280
36 51 237
36 52 409
36 53 140
36 54 249
36 55 61
36 56 157
36 57 266
36 58 237
36 59 492
36 60 372
37 38 155
37 39 97
37 40 286
37 41 200
37 42 281
37 43 215
37 44 290
37 45 245
37 46 277
37 47 232
37 48 101
37 49 152
37 50 155
37 51 199
37 52 236
37 53 220
37 54 66
37 55 247
37 56 266
37 57 169
37 58 63
37 59 326
37 60 266
38 39 252
38 40 192
38 41 333
38 42 179
38 43 224
38 44 358
38 45 380
38 46 335
38 47 188
38 48 206
38 49 87
38 50 300
38 51 84
38 52 185
38 53 197
38 54 178
38 55 314
38 56 243
38 57 321
38 58 114
38 59 247
38 60 116
39 40 373
39 41 130
39 42 358
39 43 272
39 44 272
39 45 167
39 46 294
39 47 309
39 48 132
39 49 244
39 50 99
39 51 286
39 52 314
39 53 271
39 54 116
39 55 235
39 56 310
39 57 90
39 58 155
39 59 407
39 60 364
40 41 487
40 42 343
40 43 160
40 44 545
40 45 531
40 46 277
40 47 85
40 48 262
40 49 136
40 50 372
40 51 263
40 52 76
40 53 389
40 54 260
40 55 500
40 56 434
40 57 407
40 58 223
40 59 57
40 60 141
41 42 380
41 43 401
41 44 174
41 45 46
41 46 422
41 47 430
41 48 261
41 49 351
41 50 211
41 51 336
41 52 434
41 53 265
41 54 242
41 55 153
41 56 286
41 57 181
41 58 263
41 59 526
41 60 449
42 43 404
42 44 316
42 45 422
42 46 513
42 47 362
42 48 365
42 49 266
42 50 436
42 51 95
42 52 358
42 53 123
42 54 331
42 55 284
42 56 137
42 57 445
42 58 272
42 59 401
42 60 210
43 44 506
43 45 439
43 46 123
43 47 75
43 48 141
43 49 137
43 50 236
43 51 308
43 52 84
43 53 399
43 54 159
43 55 462
43 56 449
43 57 276
43 58 166
43 59 162
43 60 255
44 45 186
44 46 558
44 47 512
44 48 383
44 49 413
44 50 368
44 51 319
44 52 513
44 53 194
44 54 353
44 55 44
44 56 183
44 57 346
44 58 343
44 59 595
44 60 462
45 46 452
45 47 473
45 48 299
45 49 397
45 50 235
45 51 382
45 52 477
45 53 304
45 54 282
45 55 176
45 56 321
45 57 201
45 58 308
45 59 569
45 60 496
46 47 196
46 48 176
46 49 253
46 50 219
46 51 417
46 52 205
46 53 488
46 54 210
46 55 517
46 56 537
46 57 257
46 58 249
46 59 264
46 60 378
47 48 186
47 49 104
47 50 293
47 51 270
47 52 9
47 53 380
47 54 192
47 55 467
47 56 428
47 57 330
47 58 172
47 59 99
47 60 189
48 49 154
48 50 110
48 51 273
48 52 193
48 53 319
48 54 36
48 55 341
48 56 366
48 57 144
48 58 94
48 59 286
48 60 293
49 50 262
49 51 171
49 52 103
49 53 275
49 54 139
49 55 369
49 56 323
49 57 292
49 58 89
49 59 181
49 60 140
50 51 354
50 52 301
50 53 363
50 54 124
50 55 333
50 56 404
50 57 40
50 58 187
50 59 392
50 60 398
51 52 267
51 53 134
51 54 241
51 55 279
51 56 174
51 57 367
51 58 179
51 59 319
51 60 148
52 53 378
52 54 197
52 55 469
52 56 426
52 57 337
52 58 174
52 59 93
52 60 182
53 54 283
53 55 161
53 56 49
53 57 362
53 58 239
53 59 444
53 60 282
54 55 310
54 56 330
54 57 152
54 58 64
54 59 290
54 60 274
55 56 159
55 57 315
55 58 298
55 59 550
55 60 420
56 57 400
56 58 288
56 59 490
56 60 321
57 58 211
57 59 429
57 60 425
58 59 263
58 60 214
59 60 196
