100 4950
1 2 308
1 3 79
1 4 184
1 5 253
1 6 354
1 7 165
1 8 182
1 9 283
1 10 320
1 11 258
1 12 312
1 13 306
1 14 251
1 15 164
1 16 311
1 17 103
1 18 238
1 19 127
1 20 409
1 21 285
1 22 289
1 23 48
1 24 245
1 25 301
1 26 165
1 27 278
1 28 392
1 29 196
1 30 407
1 31 98
1 32 282
1 33 378
1 34 348
1 35 157
1 36 257
1 37 274
1 38 342
1 39 303
1 40 267
1 41 242
1 42 87
1 43 103
1 44 352
1 45 118
1 46 121
1 47 81
1 48 336
1 49 268
1 50 224
1 51 157
1 52 181
1 53 271
1 54 233
1 55 282
1 56 256
1 57 210
1 58 278
1 59 196
1 60 261
1 61 154
1 62 391
1 63 287
1 64 281
1 65 205
1 66 205
1 67 236
1 68 291
1 69 305
1 70 186
1 71 76
1 72 166
1 73 195
1 74 116
1 75 216
1 76 284
1 77 244
1 78 211
1 79 243
1 80 270
1 81 125
1 82 207
1 83 33
1 84 270
1 85 264
1 86 303
1 87 258
1 88 457
1 89 306
1 90 272
1 91 205
1 92 381
1 93 280
1 94 393
1 95 294
1 96 207
1 97 291
1 98 181
1 99 223
1 100 149
2 3 236
2 4 309
2 5 358
2 6 320
2 7 212
2 8 396
2 9 524
2 10 268
2 11 144
2 12 424
2 13 159
2 14 448
2 15 337
2 16 83
2 17 211
2 18 71
2 19 204
2 20 390
2 21 232
2 22 462
2 23 345
2 24 373
2 25 298
2 26 296
2 27 296
2 28 343
2 29 396
2 30 380
2 31 346
2 32 537
2 33 486
2 34 153
2 35 466
2 36 70
2 37 162
2 38 275
2 39 200
2 40 208
2 41 186
2 42 265
2 43 282
2 44 299
2 45 210
2 46 402
2 47 241
2 48 259
2 49 420
2 50 477
2 51 303
2 52 481
2 53 96
2 54 221
2 55 49
2 56 59
2 57 463
2 58 245
2 59 167
2 60 261
2 61 186
2 62 138
2 63 161
2 64 90
2 65 505
2 66 268
2 67 389
2 68 305
2 69 418
2 70 151
2 71 346
2 72 149
2 73 431
2 74 198
2 75 439
2 76 555
2 77 195
2 78 304
2 79 248
2 80 246
2 81 408
2 82 486
2 83 337
2 84 429
2 85 56
2 86 10
2 87 119
2 88 441
2 89 324
2 90 255
2 91 397
2 92 334
2 93 374
2 94 648
2 95 224
2 96 418
2 97 461
2 98 462
2 99 495
2 100 277
3 4 148
3 5 278
3 6 347
3 7 146
3 8 238
3 9 352
3 10 305
3 11 214
3 12 344
3 13 264
3 14 256
3 15 148
3 16 252
3 17 25
3 18 165
3 19 96
3 20 410
3 21 265
3 22 286
3 23 125
3 24 220
3 25 298
3 26 185
3 27 222
3 28 384
3 29 247
3 30 406
3 31 118
3 32 354
3 33 412
3 34 270
3 35 233
3 36 194
3 37 235
3 38 325
3 39 272
3 40 242
3 41 212
3 42 100
3 43 127
3 44 339
3 45 40
3 46 168
3 47 70
3 48 316
3 49 309
3 50 294
3 51 125
3 52 260
3 53 192
3 54 215
3 55 205
3 56 190
3 57 280
3 58 262
3 59 158
3 60 199
3 61 119
3 62 312
3 63 247
3 64 224
3 65 284
3 66 207
3 67 220
3 68 291
3 69 337
3 70 139
3 71 143
3 72 89
3 73 216
3 74 71
3 75 277
3 76 359
3 77 216
3 78 226
3 79 179
3 80 256
3 81 174
3 82 283
3 83 102
3 84 260
3 85 189
3 86 232
3 87 208
3 88 461
3 89 309
3 90 260
3 91 254
3 92 373
3 93 304
3 94 466
3 95 223
3 96 216
3 97 287
3 98 257
3 99 298
3 100 163
4 5 424
4 6 493
4 7 292
4 8 366
4 9 462
4 10 449
4 11 343
4 12 489
4 13 391
4 14 139
4 15 42
4 16 357
4 17 152
4 18 245
4 19 242
4 20 558
4 21 407
4 22 154
4 23 227
4 24 73
4 25 445
4 26 332
4 27 106
4 28 530
4 29 379
4 30 553
4 31 113
4 32 456
4 33 556
4 34 260
4 35 273
4 36 298
4 37 366
4 38 468
4 39 408
4 40 382
4 41 351
4 42 246
4 43 270
4 44 484
4 45 132
4 46 164
4 47 218
4 48 457
4 49 449
4 50 402
4 51 26
4 52 330
4 53 225
4 54 359
4 55 263
4 56 286
4 57 389
4 58 407
4 59 296
4 60 106
4 61 262
4 62 321
4 63 377
4 64 336
4 65 351
4 66 356
4 67 81
4 68 440
4 69 481
4 70 272
4 71 259
4 72 178
4 73 139
4 74 215
4 75 400
4 76 450
4 77 357
4 78 374
4 79 97
4 80 401
4 81 170
4 82 375
4 83 178
4 84 122
4 85 252
4 86 310
4 87 330
4 88 610
4 89 457
4 90 406
4 91 388
4 92 518
4 93 450
4 94 563
4 95 160
4 96 115
4 97 154
4 98 350
4 99 394
4 100 310
5 6 150
5 7 159
5 8 120
5 9 211
5 10 153
5 11 220
5 12 69
5 13 235
5 14 504
5 15 414
5 16 300
5 17 282
5 18 322
5 19 199
5 20 176
5 21 155
5 22 542
5 23 230
5 24 492
5 25 107
5 26 92
5 27 498
5 28 182
5 29 103
5 30 179
5 31 351
5 32 237
5 33 137
5 34 480
5 35 325
5 36 288
5 37 211
5 38 171
5 39 198
5 40 166
5 41 176
5 42 178
5 43 154
5 44 163
5 45 307
5 46 361
5 47 207
5 48 178
5 49 68
5 50 195
5 51 399
5 52 282
5 53 391
5 54 139
5 55 368
5 56 302
5 57 189
5 58 137
5 59 194
5 60 471
5 61 195
5 62 491
5 63 220
5 64 275
5 65 296
5 66 91
5 67 487
5 68 91
5 69 62
5 70 218
5 71 195
5 72 304
5 73 444
5 74 225
5 75 140
5 76 271
5 77 167
5 78 57
5 79 451
5 80 131
5 81 362
5 82 238
5 83 277
5 84 522
5 85 353
5 86 349
5 87 242
5 88 214
5 89 89
5 90 124
5 91 95
5 92 174
5 93 26
5 94 327
5 95 480
5 96 460
5 97 544
5 98 230
5 99 232
5 100 115
6 7 201
6 8 267
6 9 358
6 10 51
6 11 182
6 12 170
6 13 162
6 14 599
6 15 495
6 16 241
6 17 341
6 18 314
6 19 251
6 20 71
6 21 93
6 22 633
6 23 348
6 24 566
6 25 53
6 26 196
6 27 543
6 28 38
6 29 252
6 30 62
6 31 449
6 32 385
6 33 205
6 34 468
6 35 461
6 36 260
6 37 159
6 38 46
6 39 119
6 40 120
6 41 151
6 42 267
6 43 253
6 44 23
6 45 362
6 46 474
6 47 283
6 48 62
6 49 210
6 50 346
6 51 473
6 52 426
6 53 386
6 54 134
6 55 348
6 56 278
6 57 339
6 58 88
6 59 203
6 60 511
6 61 232
6 62 458
6 63 159
6 64 230
6 65 442
6 66 149
6 67 568
6 68 66
6 69 169
6 70 230
6 71 318
6 72 333
6 73 548
6 74 278
6 75 291
6 76 421
6 77 143
6 78 152
6 79 491
6 80 93
6 81 477
6 82 388
6 83 385
6 84 607
6 85 339
6 86 310
6 87 206
6 88 124
6 89 60
6 90 87
6 91 245
6 92 27
6 93 139
6 94 468
6 95 502
6 96 556
6 97 633
6 98 377
6 99 382
6 100 206
7 8 184
7 9 312
7 10 160
7 11 104
7 12 228
7 13 147
7 14 399
7 15 294
7 16 176
7 17 140
7 18 165
7 19 49
7 20 265
7 21 122
7 22 432
7 23 176
7 24 365
7 25 152
7 26 83
7 27 350
7 28 238
7 29 183
7 30 261
7 31 252
7 32 327
7 33 296
7 34 322
7 35 303
7 36 143
7 37 114
7 38 180
7 39 138
7 40 102
7 41 78
7 42 81
7 43 84
7 44 194
7 45 163
7 46 286
7 47 85
7 48 173
7 49 213
7 50 268
7 51 271
7 52 295
7 53 232
7 54 70
7 55 213
7 56 153
7 57 255
7 58 117
7 59 47
7 60 320
7 61 37
7 62 338
7 63 127
7 64 146
7 65 317
7 66 70
7 67 366
7 68 148
7 69 221
7 70 62
7 71 160
7 72 146
7 73 353
7 74 77
7 75 226
7 76 348
7 77 79
7 78 101
7 79 300
7 80 110
7 81 290
7 82 285
7 83 198
7 84 406
7 85 197
7 86 204
7 87 115
7 88 317
7 89 166
7 90 114
7 91 184
7 92 227
7 93 181
7 94 436
7 95 323
7 96 357
7 97 432
7 98 263
7 99 290
7 100 64
8 9 127
8 10 260
8 11 281
8 12 151
8 13 313
8 14 418
8 15 345
8 16 359
8 17 253
8 18 342
8 19 198
8 20 296
8 21 247
8 22 460
8 23 143
8 24 426
8 25 219
8 26 105
8 27 457
8 28 301
8 29 18
8 30 299
8 31 272
8 32 142
8 33 207
8 34 488
8 35 210
8 36 328
8 37 281
8 38 280
8 39 285
8 40 247
8 41 242
8 42 145
8 43 121
8 44 277
8 45 276
8 46 266
8 47 178
8 48 284
8 49 96
8 50 86
8 51 340
8 52 162
8 53 400
8 54 209
8 55 391
8 56 337
8 57 76
8 58 231
8 59 232
8 60 436
8 61 210
8 62 514
8 63 294
8 64 330
8 65 176
8 66 152
8 67 415
8 68 203
8 69 145
8 70 245
8 71 108
8 72 297
8 73 353
8 74 215
8 75 42
8 76 167
8 77 236
8 78 125
8 79 417
8 80 223
8 81 266
8 82 120
8 83 194
8 84 445
8 85 374
8 86 388
8 87 297
8 88 331
8 89 207
8 90 218
8 91 28
8 92 293
8 93 140
8 94 251
8 95 460
8 96 375
8 97 462
8 98 110
8 99 117
8 100 120
9 10 364
9 11 406
9 12 198
9 13 434
9 14 483
9 15 434
9 16 485
9 17 370
9 18 469
9 19 324
9 20 366
9 21 361
9 22 528
9 23 236
9 24 512
9 25 318
9 26 230
9 27 561
9 28 386
9 29 129
9 30 372
9 31 355
9 32 31
9 33 218
9 34 612
9 35 236
9 36 455
9 37 404
9 38 382
9 39 402
9 40 365
9 41 365
9 42 269
9 43 246
9 44 373
9 45 391
9 46 330
9 47 300
9 48 389
9 49 148
9 50 60
9 51 436
9 52 165
9 53 525
9 54 330
9 55 518
9 56 464
9 57 73
9 58 343
9 59 359
9 60 545
9 61 338
9 62 641
9 63 415
9 64 456
9 65 160
9 66 272
9 67 496
9 68 302
9 69 196
9 70 373
9 71 209
9 72 420
9 73 415
9 74 339
9 75 85
9 76 71
9 77 358
9 78 241
9 79 527
9 80 336
9 81 327
9 82 101
9 83 284
9 84 520
9 85 501
9 86 516
9 87 423
9 88 386
9 89 299
9 90 330
9 91 130
9 92 380
9 93 219
9 94 124
9 95 575
9 96 444
9 97 530
9 98 119
9 99 80
9 100 247
10 11 130
10 12 193
10 13 112
10 14 560
10 15 453
10 16 191
10 17 296
10 18 263
10 19 208
10 20 123
10 21 42
10 22 591
10 23 320
10 24 522
10 25 47
10 26 173
10 27 494
10 28 82
10 29 247
10 30 114
10 31 411
10 32 389
10 33 239
10 34 416
10 35 439
10 36 208
10 37 107
10 38 21
10 39 69
10 40 70
10 41 101
10 42 233
10 43 222
10 44 35
10 45 317
10 46 441
10 47 245
10 48 24
10 49 220
10 50 343
10 51 429
10 52 412
10 53 334
10 54 90
10 55 297
10 56 226
10 57 335
10 58 43
10 59 154
10 60 461
10 61 187
10 62 407
10 63 107
10 64 178
10 65 430
10 66 121
10 67 525
10 68 63
10 69 190
10 70 181
10 71 294
10 72 284
10 73 512
10 74 234
10 75 289
10 76 422
10 77 93
10 78 136
10 79 442
10 80 50
10 81 445
10 82 380
10 83 352
10 84 565
10 85 287
10 86 258
10 87 154
10 88 175
10 89 73
10 90 48
10 91 242
10 92 71
10 93 151
10 94 480
10 95 451
10 96 518
10 97 592
10 98 366
10 99 377
10 100 178
11 12 282
11 13 49
11 14 468
11 15 356
11 16 80
11 17 198
11 18 133
11 19 130
11 20 253
11 21 89
11 22 494
11 23 277
11 24 416
11 25 155
11 26 176
11 27 373
11 28 210
11 29 276
11 30 244
11 31 332
11 32 423
11 33 343
11 34 286
11 35 405
11 36 79
11 37 24
11 38 141
11 39 68
11 40 64
11 41 44
11 42 183
11 43 188
11 44 163
11 45 213
11 46 375
11 47 176
11 48 127
11 49 286
11 50 367
11 51 327
11 52 400
11 53 204
11 54 80
11 55 167
11 56 96
11 57 355
11 58 101
11 59 62
11 60 339
11 61 103
11 62 282
11 63 33
11 64 55
11 65 422
11 66 135
11 67 424
11 68 161
11 69 277
11 70 75
11 71 264
11 72 167
11 73 431
11 74 146
11 75 321
11 76 448
11 77 53
11 78 170
11 79 321
11 80 102
11 81 380
11 82 388
11 83 291
11 84 465
11 85 157
11 86 133
11 87 25
11 88 305
11 89 180
11 90 111
11 91 275
11 92 199
11 93 233
11 94 529
11 95 323
11 96 429
11 97 494
11 98 367
11 99 392
11 100 163
12 13 291
12 14 560
12 15 476
12 16 361
12 17 351
12 18 390
12 19 268
12 20 167
12 21 207
12 22 601
12 23 284
12 24 555
12 25 146
12 26 159
12 27 566
12 28 192
12 29 133
12 30 174
12 31 409
12 32 228
12 33 68
12 34 549
12 35 362
12 36 354
12 37 270
12 38 205
12 39 250
12 40 223
12 41 238
12 42 244
12 43 218
12 44 190
12 45 375
12 46 413
12 47 274
12 48 217
12 49 58
12 50 203
12 51 463
12 52 308
12 53 460
12 54 202
12 55 436
12 56 368
12 57 201
12 58 190
12 59 262
12 60 539
12 61 265
12 62 558
12 63 277
12 64 338
12 65 317
12 66 159
12 67 548
12 68 131
12 69 7
12 70 287
12 71 247
12 72 373
12 73 499
12 74 294
12 75 152
12 76 267
12 77 229
12 78 127
12 79 519
12 80 185
12 81 413
12 82 254
12 83 333
12 84 582
12 85 421
12 86 414
12 87 306
12 88 190
12 89 120
12 90 177
12 91 123
12 92 188
12 93 49
12 94 299
12 95 549
12 96 517
12 97 602
12 98 253
12 99 242
12 100 183
13 14 517
13 15 405
13 16 78
13 17 247
13 18 169
13 19 179
13 20 231
13 21 83
13 22 543
13 23 323
13 24 464
13 25 150
13 26 209
13 27 416
13 28 184
13 29 306
13 30 221
13 31 382
13 32 454
13 33 345
13 34 310
13 35 451
13 36 109
13 37 33
13 38 116
13 39 43
13 40 69
13 41 72
13 42 229
13 43 231
13 44 140
13 45 262
13 46 425
13 47 224
13 48 100
13 49 304
13 50 400
13 51 376
13 52 441
13 53 236
13 54 103
13 55 193
13 56 126
13 57 388
13 58 101
13 59 110
13 60 381
13 61 152
13 62 296
13 63 20
13 64 72
13 65 463
13 66 161
13 67 472
13 68 161
13 69 286
13 70 125
13 71 307
13 72 213
13 73 481
13 74 195
13 75 351
13 76 481
13 77 76
13 78 193
13 79 364
13 80 105
13 81 429
13 82 425
13 83 340
13 84 513
13 85 187
13 86 149
13 87 61
13 88 282
13 89 177
13 90 113
13 91 303
13 92 174
13 93 243
13 94 556
13 95 360
13 96 479
13 97 543
13 98 406
13 99 427
13 100 200
14 15 112
14 16 491
14 17 270
14 18 382
14 19 351
14 20 658
14 21 520
14 22 44
14 23 277
14 24 94
14 25 547
14 26 416
14 27 206
14 28 637
14 29 435
14 30 655
14 31 152
14 32 469
14 33 623
14 34 392
14 35 254
14 36 431
14 37 489
14 38 580
14 39 528
14 40 498
14 41 468
14 42 334
14 43 353
14 44 593
14 45 255
14 46 154
14 47 315
14 48 572
14 49 511
14 50 426
14 51 145
14 52 325
14 53 364
14 54 469
14 55 402
14 56 421
14 57 415
14 58 516
14 59 414
14 60 224
14 61 375
14 62 455
14 63 501
14 64 468
14 65 339
14 66 452
14 67 68
14 68 539
14 69 553
14 70 393
14 71 313
14 72 311
14 73 68
14 74 327
14 75 441
14 76 451
14 77 472
14 78 462
14 79 224
14 80 510
14 81 157
14 82 384
14 83 227
14 84 50
14 85 391
14 86 449
14 87 458
14 88 707
14 89 555
14 90 513
14 91 445
14 92 625
14 93 530
14 94 561
14 95 284
14 96 43
14 97 46
14 98 364
14 99 405
14 100 399
15 16 378
15 17 159
15 18 270
15 19 244
15 20 557
15 21 413
15 22 138
15 23 203
15 24 80
15 25 445
15 26 323
15 27 146
15 28 533
15 29 360
15 30 553
15 31 78
15 32 426
15 33 542
15 34 300
15 35 235
15 36 319
15 37 378
15 38 473
15 39 417
15 40 389
15 41 359
15 42 237
15 43 260
15 44 488
15 45 143
15 46 124
15 47 214
15 48 464
15 49 432
15 50 374
15 51 34
15 52 294
15 53 258
15 54 363
15 55 293
15 56 308
15 57 361
15 58 410
15 59 304
15 60 148
15 61 267
15 62 360
15 63 389
15 64 355
15 65 314
15 66 352
15 67 73
15 68 438
15 69 469
15 70 282
15 71 237
15 72 198
15 73 99
15 74 219
15 75 376
15 76 417
15 77 364
15 78 367
15 79 139
15 80 404
15 81 130
15 82 343
15 83 152
15 84 111
15 85 281
15 86 338
15 87 345
15 88 608
15 89 455
15 90 408
15 91 369
15 92 521
15 93 440
15 94 530
15 95 203
15 96 80
15 97 139
15 98 318
15 99 362
15 100 303
16 17 230
16 18 114
16 19 188
16 20 310
16 21 158
16 22 511
16 23 338
16 24 426
16 25 226
16 26 254
16 27 363
16 28 262
16 29 355
16 30 299
16 31 370
16 32 502
16 33 419
16 34 236
16 35 465
16 36 59
16 37 90
16 38 195
16 39 122
16 40 137
16 41 124
16 42 248
16 43 258
16 44 219
16 45 238
16 46 420
16 47 233
16 48 179
16 49 366
16 50 444
16 51 346
16 52 468
16 53 170
16 54 161
16 55 123
16 56 71
16 57 432
16 58 174
16 59 129
16 60 328
16 61 163
16 62 218
16 63 85
16 64 30
16 65 491
16 66 215
16 67 438
16 68 235
16 69 355
16 70 127
16 71 330
16 72 180
16 73 464
16 74 194
16 75 400
16 76 524
16 77 132
16 78 250
16 79 312
16 80 176
16 81 426
16 82 462
16 83 343
16 84 479
16 85 122
16 86 73
16 87 62
16 88 360
16 89 252
16 90 185
16 91 354
16 92 253
16 93 311
16 94 609
16 95 299
16 96 456
16 97 511
16 98 440
16 99 467
16 100 239
17 18 140
17 19 90
17 20 406
17 21 255
17 22 297
17 23 148
17 24 225
17 25 293
17 26 191
17 27 215
17 28 377
17 29 261
17 30 401
17 31 139
17 32 374
17 33 419
17 34 247
17 35 258
17 36 172
17 37 219
17 38 315
17 39 258
17 40 231
17 41 200
17 42 110
17 43 136
17 44 332
17 45 24
17 46 192
17 47 77
17 48 305
17 49 319
17 50 313
17 51 132
17 52 284
17 53 167
17 54 207
17 55 180
17 56 166
17 57 299
17 58 254
17 59 145
17 60 189
17 61 109
17 62 287
17 63 231
17 64 203
17 65 308
17 66 206
17 67 229
17 68 288
17 69 343
17 70 123
17 71 163
17 72 63
17 73 234
17 74 63
17 75 293
17 76 381
17 77 205
17 78 228
17 79 169
17 80 248
17 81 198
17 82 305
17 83 128
17 84 269
17 85 163
17 86 208
17 87 189
17 88 458
17 89 306
17 90 253
17 91 267
17 92 366
17 93 308
17 94 487
17 95 206
17 96 231
17 97 298
17 98 279
17 99 319
17 100 168
18 19 144
18 20 386
18 21 221
18 22 400
18 23 277
18 24 313
18 25 282
18 26 248
18 27 250
18 28 344
18 29 344
18 30 377
18 31 275
18 32 479
18 33 456
18 34 159
18 35 396
18 36 60
18 37 157
18 38 275
18 39 201
18 40 194
18 41 166
18 42 203
18 43 223
18 44 297
18 45 139
18 46 331
18 47 176
18 48 260
18 49 378
18 50 418
18 51 237
18 52 414
18 53 72
18 54 195
18 55 48
18 56 44
18 57 405
18 58 230
18 59 128
18 60 215
18 61 133
18 62 173
18 63 161
18 64 99
18 65 438
18 66 231
18 67 327
18 68 285
18 69 384
18 70 104
18 71 281
18 72 78
18 73 362
18 74 133
18 75 385
18 76 494
18 77 175
18 78 265
18 79 199
18 80 229
18 81 337
18 82 423
18 83 266
18 84 367
18 85 32
18 86 69
18 87 110
18 88 439
18 89 305
18 90 237
18 91 347
18 92 333
18 93 341
18 94 592
18 95 191
18 96 350
18 97 399
18 98 398
18 99 433
18 100 226
19 20 315
19 21 169
19 22 383
19 23 150
19 24 315
19 25 202
19 26 112
19 27 302
19 28 288
19 29 201
19 30 310
19 31 207
19 32 335
19 33 337
19 34 292
19 35 278
19 36 141
19 37 146
19 38 228
19 39 179
19 40 146
19 41 118
19 42 61
19 43 79
19 44 243
19 45 113
19 46 246
19 47 46
19 48 220
19 49 245
19 50 274
19 51 221
19 52 281
19 53 203
19 54 118
19 55 193
19 56 146
19 57 260
19 58 165
19 59 68
19 60 273
19 61 26
19 62 316
19 63 159
19 64 157
19 65 304
19 66 117
19 67 317
19 68 197
19 69 261
19 70 61
19 71 144
19 72 105
19 73 307
19 74 27
19 75 240
19 76 351
19 77 121
19 78 142
19 79 253
19 80 159
19 81 250
19 82 282
19 83 161
19 84 356
19 85 176
19 86 197
19 87 132
19 88 367
19 89 216
19 90 163
19 91 205
19 92 276
19 93 223
19 94 447
19 95 281
19 96 310
19 97 383
19 98 258
19 99 291
19 100 88
20 21 164
20 22 693
20 23 397
20 24 631
20 25 113
20 26 245
20 27 612
20 28 51
20 29 279
20 30 12
20 31 506
20 32 395
20 33 176
20 34 539
20 35 501
20 36 331
20 37 230
20 38 114
20 39 189
20 40 191
20 41 222
20 42 324
20 43 306
20 44 90
20 45 428
20 46 526
20 47 344
20 48 130
20 49 220
20 50 365
20 51 536
20 52 458
20 53 457
20 54 202
20 55 420
20 56 349
20 57 361
20 58 158
20 59 272
20 60 580
20 61 298
20 62 528
20 63 229
20 64 300
20 65 472
20 66 205
20 67 631
20 68 119
20 69 169
20 70 299
20 71 365
20 72 402
20 73 604
20 74 343
20 75 311
20 76 433
20 77 213
20 78 199
20 79 560
20 80 161
20 81 528
20 82 412
20 83 438
20 84 669
20 85 410
20 86 380
20 87 277
20 88 53
20 89 103
20 90 155
20 91 270
20 92 57
20 93 156
20 94 463
20 95 572
20 96 615
20 97 694
20 98 406
20 99 403
20 100 259
21 22 551
21 23 290
21 24 481
21 25 67
21 26 151
21 27 451
21 28 125
21 29 237
21 30 156
21 31 374
21 32 384
21 33 261
21 34 376
21 35 413
21 36 168
21 37 69
21 38 60
21 39 42
21 40 27
21 41 58
21 42 199
21 43 192
21 44 78
21 45 275
21 46 407
21 47 207
21 48 51
21 49 224
21 50 333
21 51 388
21 52 391
21 53 293
21 54 52
21 55 257
21 56 186
21 57 323
21 58 18
21 59 112
21 60 418
21 61 146
21 62 371
21 63 73
21 64 141
21 65 411
21 66 97
21 67 484
21 68 77
21 69 203
21 70 138
21 71 266
21 72 241
21 73 475
21 74 193
21 75 281
21 76 414
21 77 51
21 78 122
21 79 399
21 80 24
21 81 411
21 82 365
21 83 318
21 84 524
21 85 247
21 86 222
21 87 114
21 88 217
21 89 94
21 90 31
21 91 233
21 92 114
21 93 160
21 94 481
21 95 408
21 96 479
21 97 552
21 98 349
21 99 365
21 100 150
22 23 318
22 24 91
22 25 582
22 26 454
22 27 198
22 28 670
22 29 477
22 30 690
22 31 191
22 32 513
22 33 664
22 34 392
22 35 299
22 36 452
22 37 516
22 38 611
22 39 556
22 40 528
22 41 498
22 42 370
22 43 390
22 44 626
22 45 281
22 46 198
22 47 349
22 48 602
22 49 553
22 50 470
22 51 166
22 52 369
22 53 374
22 54 501
22 55 415
22 56 440
22 57 459
22 58 548
22 59 443
22 60 222
22 61 405
22 62 456
22 63 527
22 64 489
22 65 384
22 66 488
22 67 72
22 68 574
22 69 594
22 70 421
22 71 354
22 72 332
22 73 112
22 74 358
22 75 485
22 76 496
22 77 502
22 78 499
22 79 226
22 80 542
22 81 201
22 82 429
22 83 268
22 84 33
22 85 405
22 86 464
22 87 482
22 88 743
22 89 590
22 90 546
22 91 486
22 92 659
22 93 569
22 94 605
22 95 280
22 96 85
22 97 2
22 98 408
22 99 450
22 100 436
23 24 284
23 25 295
23 26 152
23 27 325
23 28 386
23 29 158
23 30 396
23 31 129
23 32 233
23 33 346
23 34 395
23 35 127
23 36 289
23 37 290
23 38 342
23 39 314
23 40 276
23 41 255
23 42 94
23 43 98
23 44 349
23 45 165
23 46 130
23 47 105
23 48 339
23 49 234
23 50 176
23 51 201
23 52 137
23 53 316
23 54 238
23 55 323
23 56 290
23 57 162
23 58 279
23 59 215
23 60 309
23 61 176
23 62 435
23 63 303
23 64 308
23 65 161
23 66 200
23 67 272
23 68 283
23 69 277
23 70 211
23 71 36
23 72 209
23 73 214
23 74 147
23 75 173
23 76 235
23 77 254
23 78 198
23 79 291
23 80 271
23 81 131
23 82 158
23 83 51
23 84 302
23 85 305
23 86 339
23 87 282
23 88 442
23 89 295
23 90 272
23 91 168
23 92 375
23 93 257
23 94 344
23 95 342
23 96 233
23 97 320
23 98 132
23 99 174
23 100 143
24 25 518
24 26 401
24 27 111
24 28 603
24 29 440
24 30 626
24 31 157
24 32 503
24 33 622
24 34 301
24 35 303
24 36 368
24 37 439
24 38 541
24 39 481
24 40 456
24 41 425
24 42 314
24 43 338
24 44 557
24 45 205
24 46 191
24 47 289
24 48 531
24 49 513
24 50 452
24 51 94
24 52 367
24 53 283
24 54 433
24 55 325
24 56 355
24 57 440
24 58 480
24 59 369
24 60 132
24 61 335
24 62 365
24 63 449
24 64 406
24 65 386
24 66 427
24 67 27
24 68 512
24 69 548
24 70 345
24 71 318
24 72 250
24 73 130
24 74 288
24 75 457
24 76 492
24 77 430
24 78 444
24 79 134
24 80 474
24 81 196
24 82 419
24 83 232
24 84 57
24 85 316
24 86 375
24 87 402
24 88 682
24 89 529
24 90 479
24 91 450
24 92 592
24 93 519
24 94 604
24 95 191
24 96 96
24 97 90
24 98 395
24 99 439
24 100 380
25 26 143
25 27 500
25 28 91
25 29 205
25 30 108
25 31 396
25 32 344
25 33 195
25 34 440
25 35 408
25 36 233
25 37 136
25 38 63
25 39 107
25 40 90
25 41 116
25 42 214
25 43 199
25 44 58
25 45 315
25 46 421
25 47 232
25 48 72
25 49 173
25 50 300
25 51 424
25 52 375
25 53 355
25 54 90
25 55 321
25 56 250
25 57 293
25 58 53
25 59 161
25 60 469
25 61 186
25 62 437
25 63 140
25 64 208
25 65 392
25 66 96
25 67 518
25 68 16
25 69 142
25 70 189
25 71 265
25 72 291
25 73 496
25 74 230
25 75 246
25 76 378
25 77 107
25 78 99
25 79 449
25 80 53
25 81 423
25 82 340
25 83 331
25 84 557
25 85 310
25 86 288
25 87 180
25 88 165
25 89 27
25 90 45
25 91 198
25 92 80
25 93 104
25 94 433
25 95 464
25 96 505
25 97 583
25 98 327
25 99 335
25 100 153
26 27 406
26 28 234
26 29 100
26 30 244
26 31 263
26 32 247
26 33 228
26 34 402
26 35 266
26 36 226
26 37 177
26 38 195
26 39 184
26 40 145
26 41 137
26 42 86
26 43 63
26 44 199
26 45 215
26 46 281
26 47 114
26 48 194
26 49 133
26 50 191
26 51 307
26 52 240
26 53 312
26 54 107
26 55 296
26 56 237
26 57 179
26 58 136
26 59 129
26 60 380
26 61 115
26 62 421
26 63 189
26 64 225
26 65 260
26 66 53
26 67 396
26 68 130
26 69 152
26 70 146
26 71 122
26 72 217
26 73 360
26 74 136
26 75 145
26 76 272
26 77 132
26 78 46
26 79 360
26 80 128
26 81 283
26 82 216
26 83 193
26 84 432
26 85 280
26 86 287
26 87 192
26 88 291
26 89 142
26 90 126
26 91 101
26 92 223
26 93 118
26 94 354
26 95 392
26 96 373
26 97 455
26 98 199
26 99 218
26 100 23
27 28 577
27 29 468
27 30 605
27 31 219
27 32 558
27 33 634
27 34 197
27 35 380
27 36 310
27 37 398
27 38 510
27 39 441
27 40 424
27 41 393
27 42 323
27 43 349
27 44 530
27 45 191
27 46 270
27 47 292
27 48 497
27 49 532
27 50 501
27 51 129
27 52 435
27 53 200
27 54 410
27 55 247
27 56 294
27 57 488
27 58 454
27 59 340
27 60 35
27 61 315
27 62 262
27 63 405
27 64 349
27 65 456
27 66 419
27 67 138
27 68 497
27 69 559
27 70 313
27 71 354
27 72 209
27 73 232
27 74 275
27 75 494
27 76 554
27 77 400
27 78 443
27 79 52
27 80 450
27 81 276
27 82 478
27 83 279
27 84 165
27 85 243
27 86 301
27 87 354
27 88 665
27 89 516
27 90 456
27 91 476
27 92 565
27 93 523
27 94 666
27 95 84
27 96 201
27 97 196
27 98 452
27 99 496
27 100 383
28 29 286
28 30 39
28 31 487
28 32 414
28 33 215
28 34 493
28 35 498
28 36 287
28 37 187
28 38 69
28 39 144
28 40 152
28 41 184
28 42 305
28 43 291
28 44 47
28 45 398
28 46 512
28 47 321
28 48 84
28 49 237
28 50 377
28 51 509
28 52 462
28 53 415
28 54 170
28 55 375
28 56 305
28 57 371
28 58 123
28 59 237
28 60 544
28 61 268
28 62 480
28 63 184
28 64 254
28 65 477
28 66 187
28 67 605
28 68 103
28 69 192
28 70 264
28 71 356
28 72 367
28 73 587
28 74 314
28 75 322
28 76 451
28 77 176
28 78 189
28 79 525
28 80 129
28 81 515
28 82 421
28 83 423
28 84 644
28 85 367
28 86 333
28 87 234
28 88 98
28 89 95
28 90 124
28 91 278
28 92 11
28 93 168
28 94 491
28 95 533
28 96 594
28 97 671
28 98 411
28 99 414
28 100 244
29 30 282
29 31 287
29 32 148
29 33 189
29 34 493
29 35 229
29 36 327
29 37 275
29 38 267
29 39 276
29 40 238
29 41 236
29 42 152
29 43 126
29 44 263
29 45 285
29 46 283
29 47 185
29 48 271
29 49 78
29 50 96
29 51 353
29 52 179
29 53 404
29 54 202
29 55 393
29 56 336
29 57 87
29 58 220
29 59 230
29 60 447
29 61 211
29 62 517
29 63 287
29 64 326
29 65 192
29 66 144
29 67 430
29 68 189
29 69 127
29 70 245
29 71 123
29 72 302
29 73 370
29 74 220
29 75 45
29 76 176
29 77 229
29 78 115
29 79 427
29 80 212
29 81 283
29 82 135
29 83 210
29 84 461
29 85 376
29 86 387
29 87 293
29 88 314
29 89 192
29 90 207
29 91 10
29 92 277
29 93 123
29 94 253
29 95 468
29 96 391
29 97 478
29 98 126
29 99 130
29 100 119
30 31 503
30 32 401
30 33 186
30 34 529
30 35 502
30 36 322
30 37 221
30 38 104
30 39 180
30 40 183
30 41 214
30 42 321
30 43 304
30 44 80
30 45 423
30 46 525
30 47 340
30 48 120
30 49 225
30 50 369
30 51 532
30 52 461
30 53 449
30 54 195
30 55 410
30 56 340
30 57 365
30 58 150
30 59 265
30 60 573
30 61 293
30 62 518
30 63 220
30 64 290
30 65 475
30 66 202
30 67 627
30 68 116
30 69 175
30 70 292
30 71 364
30 72 395
30 73 602
30 74 338
30 75 315
30 76 439
30 77 206
30 78 198
30 79 554
30 80 155
30 81 527
30 82 416
30 83 436
30 84 665
30 85 401
30 86 370
30 87 268
30 88 61
30 89 101
30 90 148
30 91 273
30 92 46
30 93 159
30 94 471
30 95 564
30 96 612
30 97 691
30 98 409
30 99 408
30 100 257
31 32 347
31 33 473
31 34 343
31 35 161
31 36 312
31 37 351
31 38 432
31 39 386
31 40 353
31 41 325
31 42 182
31 43 200
31 44 444
31 45 136
31 46 60
31 47 166
31 48 425
31 49 362
31 50 295
31 51 89
31 52 217
31 53 283
31 54 322
31 55 309
31 56 305
31 57 283
31 58 368
31 59 273
31 60 213
31 61 232
31 62 397
31 63 364
31 64 343
31 65 238
31 66 301
31 67 143
31 68 387
31 69 402
31 70 257
31 71 164
31 72 197
31 73 100
31 74 186
31 75 300
31 76 339
31 77 328
31 78 309
31 79 199
31 80 361
31 81 66
31 82 264
31 83 77
31 84 173
31 85 294
31 86 344
31 87 327
31 88 554
31 89 402
31 90 364
31 91 297
31 92 475
31 93 378
31 94 451
31 95 261
31 96 109
31 97 193
31 98 239
31 99 283
31 100 246
32 33 249
32 34 618
32 35 217
32 36 470
32 37 423
32 38 408
32 39 423
32 40 386
32 41 384
32 42 277
32 43 256
32 44 400
32 45 394
32 46 317
32 47 307
32 48 414
32 49 176
32 50 61
32 51 431
32 52 146
32 53 533
32 54 350
32 55 528
32 56 478
32 57 75
32 58 366
32 59 374
32 60 543
32 61 350
32 62 650
32 63 435
32 64 473
32 65 138
32 66 292
32 67 485
32 68 328
32 69 226
32 70 386
32 71 210
32 72 426
32 73 401
32 74 348
32 75 103
32 76 40
32 77 377
32 78 262
32 79 525
32 80 359
32 81 313
32 82 84
32 83 278
32 84 507
32 85 511
32 86 529
32 87 439
32 88 417
32 89 326
32 90 353
32 91 151
32 92 407
32 93 246
32 94 113
32 95 575
32 96 431
32 97 516
32 98 107
32 99 64
32 100 262
33 34 615
33 35 413
33 36 417
33 37 328
33 38 247
33 39 302
33 40 281
33 41 299
33 42 312
33 43 286
33 44 227
33 45 444
33 46 473
33 47 342
33 48 260
33 49 112
33 50 240
33 51 531
33 52 353
33 53 526
33 54 264
33 55 500
33 56 432
33 57 242
33 58 245
33 59 328
33 60 608
33 61 333
33 62 622
33 63 334
33 64 398
33 65 359
33 66 226
33 67 614
33 68 184
33 69 75
33 70 353
33 71 310
33 72 442
33 73 560
33 74 363
33 75 197
33 76 289
33 77 290
33 78 195
33 79 588
33 80 242
33 81 473
33 82 294
33 83 396
33 84 647
33 85 487
33 86 476
33 87 367
33 88 179
33 89 168
33 90 233
33 91 179
33 92 214
33 93 115
33 94 295
33 95 618
33 96 580
33 97 666
33 98 297
33 99 278
33 100 251
34 35 494
34 36 207
34 37 308
34 38 425
34 39 349
34 40 350
34 41 323
34 42 343
34 43 367
34 44 448
34 45 230
34 46 403
34 47 312
34 48 409
34 49 534
34 50 557
34 51 268
34 52 530
34 53 89
34 54 354
34 55 119
34 56 189
34 57 543
34 58 387
34 59 287
34 60 169
34 61 287
34 62 64
34 63 309
34 64 239
34 65 554
34 66 389
34 67 325
34 68 444
34 69 543
34 70 262
34 71 410
34 72 192
34 73 399
34 74 273
34 75 530
34 76 627
34 77 332
34 78 423
34 79 167
34 80 386
34 81 410
34 82 552
34 83 367
34 84 358
34 85 130
34 86 162
34 87 261
34 88 591
34 89 463
34 90 394
34 91 497
34 92 484
34 93 500
34 94 732
34 95 112
34 96 375
34 97 390
34 98 526
34 99 566
34 100 379
35 36 414
35 37 417
35 38 461
35 39 439
35 40 400
35 41 381
35 42 222
35 43 222
35 44 465
35 45 267
35 46 112
35 47 232
35 48 459
35 49 305
35 50 184
35 51 251
35 52 71
35 53 424
35 54 362
35 55 438
35 56 414
35 57 176
35 58 400
35 59 343
35 60 375
35 61 303
35 62 542
35 63 431
35 64 435
35 65 84
35 66 318
35 67 281
35 68 394
35 69 356
35 70 338
35 71 146
35 72 322
35 73 187
35 74 272
35 75 216
35 76 197
35 77 380
35 78 308
35 79 361
35 80 392
35 81 106
35 82 135
35 83 130
35 84 296
35 85 421
35 86 461
35 87 409
35 88 540
35 89 403
35 90 391
35 91 239
35 92 488
35 93 349
35 94 306
35 95 421
35 96 219
35 97 301
35 98 120
35 99 156
35 100 262
36 37 101
36 38 218
36 39 143
36 40 143
36 41 118
36 42 203
36 43 217
36 44 241
36 45 178
36 46 363
36 47 183
36 48 203
36 49 350
36 50 410
36 51 287
36 52 422
36 53 127
36 54 152
36 55 88
36 56 17
36 57 397
36 58 180
36 59 97
36 60 275
36 61 120
36 62 205
36 63 103
36 64 39
36 65 446
36 66 198
36 67 380
36 68 239
36 69 348
36 70 83
36 71 285
36 72 120
36 73 404
36 74 142
36 75 370
36 76 489
36 77 127
36 78 233
36 79 258
36 80 180
36 81 369
36 82 422
36 83 289
36 84 420
36 85 79
36 86 61
36 87 54
36 88 384
36 89 258
36 90 188
36 91 328
36 92 277
36 93 304
36 94 579
36 95 251
36 96 397
36 97 452
36 98 399
36 99 430
36 100 208
37 38 117
37 39 44
37 40 47
37 41 39
37 42 195
37 43 197
37 44 140
37 45 235
37 46 393
37 47 192
37 48 103
37 49 278
37 50 368
37 51 350
37 52 408
37 53 227
37 54 73
37 55 189
37 56 118
37 57 357
37 58 83
37 59 78
37 60 364
37 61 120
37 62 301
37 63 13
37 64 72
37 65 429
37 66 131
37 67 446
37 68 144
37 69 265
37 70 96
37 71 273
37 72 191
37 73 451
37 74 164
37 75 320
37 76 449
37 77 45
37 78 164
37 79 345
37 80 85
37 81 397
37 82 392
37 83 307
37 84 487
37 85 180
37 86 152
37 87 47
37 88 283
37 89 162
37 90 94
37 91 273
37 92 176
37 93 221
37 94 527
37 95 348
37 96 450
37 97 517
37 98 373
37 99 395
37 100 167
38 39 75
38 40 86
38 41 117
38 42 254
38 43 244
38 44 24
38 45 335
38 46 463
38 47 265
38 48 16
38 49 237
38 50 363
38 51 448
38 52 433
38 53 345
38 54 110
38 55 306
38 56 236
38 57 355
38 58 64
38 59 172
38 60 477
38 61 206
38 62 413
38 63 115
38 64 186
38 65 451
38 66 143
38 67 544
38 68 80
38 69 203
38 70 198
38 71 315
38 72 300
38 73 533
38 74 253
38 75 309
38 76 441
38 77 111
38 78 157
38 79 458
38 80 71
38 81 466
38 82 401
38 83 373
38 84 584
38 85 298
38 86 265
38 87 164
38 88 166
38 89 85
38 90 70
38 91 261
38 92 58
38 93 166
38 94 497
38 95 464
38 96 538
38 97 612
38 98 387
38 99 397
38 100 199
39 40 39
39 41 60
39 42 220
39 43 217
39 44 99
39 45 276
39 46 424
39 47 222
39 48 60
39 49 266
39 50 372
39 51 390
39 52 423
39 53 271
39 54 78
39 55 231
39 56 161
39 57 361
39 58 60
39 59 113
39 60 408
39 61 153
39 62 338
39 63 40
39 64 110
39 65 443
39 66 133
39 67 487
39 68 118
39 69 245
39 70 135
39 71 293
39 72 234
39 73 486
39 74 200
39 75 320
39 76 452
39 77 59
39 78 161
39 79 389
39 80 66
39 81 428
39 82 401
39 83 336
39 84 527
39 85 223
39 86 190
39 87 90
39 88 241
39 89 134
39 90 74
39 91 272
39 92 134
39 93 203
39 94 522
39 95 392
39 96 488
39 97 556
39 98 383
39 99 402
39 100 180
40 41 31
40 42 182
40 43 178
40 44 105
40 45 250
40 46 389
40 47 187
40 48 74
40 49 234
40 50 333
40 51 363
40 52 384
40 53 266
40 54 38
40 55 231
40 56 160
40 57 323
40 58 37
40 59 86
40 60 391
40 61 122
40 62 346
40 63 54
40 64 118
40 65 404
40 66 94
40 67 460
40 68 98
40 69 218
40 70 112
40 71 254
40 72 214
40 73 454
40 74 170
40 75 283
40 76 414
40 77 25
40 78 124
40 79 372
40 80 38
40 81 392
40 82 362
40 83 300
40 84 500
40 85 220
40 86 197
40 87 89
40 88 245
40 89 116
40 90 47
40 91 235
40 92 141
40 93 175
40 94 487
40 95 381
40 96 457
40 97 528
40 98 344
40 99 363
40 100 140
41 42 160
41 43 160
41 44 137
41 45 219
41 46 363
41 47 161
41 48 106
41 49 242
41 50 328
41 51 333
41 52 369
41 53 238
41 54 36
41 55 205
41 56 134
41 57 317
41 58 64
41 59 55
41 60 360
41 61 93
41 62 323
41 63 52
41 64 100
41 65 391
41 66 92
41 67 429
41 68 121
41 69 233
41 70 80
41 71 236
41 72 183
41 73 426
41 74 140
41 75 281
41 76 409
41 77 9
41 78 126
41 79 341
41 80 63
41 81 367
41 82 353
41 83 276
41 84 470
41 85 193
41 86 176
41 87 67
41 88 275
41 89 140
41 90 71
41 91 234
41 92 173
41 93 189
41 94 488
41 95 350
41 96 428
41 97 498
41 98 333
41 99 356
41 100 128
42 43 26
42 44 264
42 45 134
42 46 208
42 47 33
42 48 249
42 49 209
42 50 216
42 51 221
42 52 220
42 53 256
42 54 147
42 55 252
42 56 207
42 57 202
42 58 190
42 59 121
42 60 299
42 61 84
42 62 373
42 63 208
42 64 217
42 65 243
42 66 118
42 67 311
42 68 205
42 69 236
42 70 121
42 71 82
42 72 151
42 73 281
42 74 71
42 75 187
42 76 291
42 77 160
42 78 129
42 79 279
42 80 183
42 81 211
42 82 220
42 83 119
42 84 347
42 85 234
42 86 258
42 87 189
42 88 373
42 89 220
42 90 184
42 91 158
42 92 294
42 93 204
42 94 390
42 95 316
42 96 291
42 97 371
42 98 196
42 99 230
42 100 65
43 44 252
43 45 161
43 46 221
43 47 59
43 48 240
43 49 182
43 50 195
43 51 245
43 52 211
43 53 279
43 54 140
43 55 272
43 56 223
43 57 181
43 58 181
43 59 129
43 60 325
43 61 96
43 62 394
43 63 210
43 64 227
43 65 233
43 66 103
43 67 333
43 68 188
43 69 211
43 70 133
43 71 76
43 72 176
43 73 298
43 74 93
43 75 163
43 76 272
43 77 158
43 78 108
43 79 305
43 80 173
43 81 224
43 82 204
43 83 132
43 84 369
43 85 255
43 86 275
43 87 197
43 88 353
43 89 203
43 90 174
43 91 132
43 92 280
43 93 180
43 94 368
43 95 342
43 96 310
43 97 392
43 98 182
43 99 212
43 100 46
44 45 352
44 46 472
44 47 278
44 48 40
44 49 226
44 50 358
44 51 464
44 52 434
44 53 368
44 54 124
44 55 329
44 56 259
44 57 350
44 58 77
44 59 190
44 60 497
44 61 222
44 62 437
44 63 139
44 64 209
44 65 451
44 66 148
44 67 560
44 68 74
44 69 188
44 70 217
44 71 321
44 72 320
44 73 545
44 74 269
44 75 303
44 76 434
44 77 129
44 78 157
44 79 478
44 80 83
44 81 475
44 82 398
44 83 383
44 84 600
44 85 321
44 86 289
44 87 187
44 88 142
44 89 74
44 90 80
44 91 256
44 92 36
44 93 155
44 94 485
44 95 486
44 96 551
44 97 627
44 98 386
44 99 393
44 100 206
45 46 192
45 47 102
45 48 325
45 49 343
45 50 334
45 51 114
45 52 299
45 53 156
45 54 228
45 55 174
45 56 170
45 57 320
45 58 275
45 59 164
45 60 164
45 61 130
45 62 274
45 63 246
45 64 213
45 65 323
45 66 230
45 67 211
45 68 311
45 69 368
45 70 140
45 71 183
45 72 60
45 73 226
45 74 86
45 75 315
45 76 399
45 77 225
45 78 252
45 79 144
45 80 269
45 81 198
45 82 323
45 83 138
45 84 251
45 85 158
45 86 208
45 87 202
45 88 480
45 89 329
45 90 274
45 91 291
45 92 387
45 93 332
45 94 507
45 95 183
45 96 219
45 97 281
45 98 297
45 99 338
45 100 192
46 47 201
46 48 458
46 49 361
46 50 271
46 51 144
46 52 176
46 53 343
46 54 354
46 55 367
46 56 358
46 57 260
46 58 399
46 59 314
46 60 268
46 61 272
46 62 457
46 63 406
46 64 392
46 65 194
46 66 325
46 67 170
46 68 410
46 69 406
46 70 301
46 71 166
46 72 253
46 73 87
46 74 230
46 75 287
46 76 302
46 77 365
46 78 327
46 79 256
46 80 391
46 81 6
46 82 232
46 83 89
46 84 190
46 85 351
46 86 400
46 87 373
46 88 572
46 89 423
46 90 393
46 91 293
46 92 501
46 93 387
46 94 414
46 95 318
46 96 114
46 97 200
46 98 210
46 99 253
46 100 268
47 48 258
47 49 241
47 50 246
47 51 195
47 52 239
47 53 225
47 54 155
47 55 224
47 56 185
47 57 232
47 58 201
47 59 114
47 60 266
47 61 72
47 62 343
47 63 205
47 64 203
47 65 263
47 66 138
47 67 287
47 68 224
47 69 267
47 70 106
47 71 104
47 72 119
47 73 267
47 74 43
47 75 219
47 76 319
47 77 163
47 78 155
47 79 247
47 80 194
47 81 206
47 82 246
47 83 115
47 84 325
47 85 206
47 86 235
47 87 178
47 88 394
47 89 241
47 90 197
47 91 191
47 92 309
47 93 233
47 94 420
47 95 283
47 96 273
47 97 350
47 98 221
47 99 258
47 100 92
48 49 245
48 50 368
48 51 438
48 52 434
48 53 330
48 54 103
48 55 291
48 56 221
48 57 359
48 58 59
48 59 161
48 60 464
48 61 197
48 62 397
48 63 100
48 64 170
48 65 453
48 66 141
48 67 535
48 68 88
48 69 214
48 70 186
48 71 313
48 72 288
48 73 526
48 74 244
48 75 314
48 76 446
48 77 100
48 78 159
48 79 445
48 80 67
48 81 461
48 82 404
48 83 368
48 84 575
48 85 283
48 86 249
48 87 150
48 88 181
48 89 96
48 90 68
48 91 266
48 92 74
48 93 176
48 94 505
48 95 450
48 96 530
48 97 603
48 98 389
48 99 401
48 100 197
49 50 146
49 51 423
49 52 250
49 53 445
49 54 205
49 55 426
49 56 362
49 57 144
49 58 206
49 59 253
49 60 508
49 61 247
49 62 550
49 63 287
49 64 341
49 65 259
49 66 152
49 67 504
49 68 157
49 69 53
49 70 274
49 71 198
49 72 350
49 73 448
49 74 268
49 75 94
49 76 214
49 77 233
49 78 116
49 79 488
49 80 200
49 81 361
49 82 196
49 83 285
49 84 536
49 85 410
49 86 411
49 87 307
49 88 246
49 89 152
49 90 192
49 91 67
49 92 231
49 93 70
49 94 260
49 95 523
49 96 468
49 97 554
49 98 194
49 99 185
49 100 156
50 51 376
50 52 116
50 53 472
50 54 296
50 55 467
50 56 418
50 57 14
50 58 316
50 59 315
50 60 485
50 61 290
50 62 589
50 63 380
50 64 414
50 65 119
50 66 239
50 67 436
50 68 284
50 69 199
50 70 326
50 71 150
50 72 365
50 73 358
50 74 287
50 75 55
50 76 81
50 77 323
50 78 211
50 79 467
50 80 309
50 81 269
50 82 53
50 83 223
50 84 461
50 85 450
50 86 469
50 87 382
50 88 393
50 89 285
50 90 304
50 91 101
50 92 370
50 93 210
50 94 174
50 95 516
50 96 386
50 97 472
50 98 64
50 99 39
50 100 204
51 52 305
51 53 224
51 54 339
51 55 259
51 56 276
51 57 363
51 58 386
51 59 277
51 60 124
51 61 242
51 62 327
51 63 361
51 64 323
51 65 327
51 66 333
51 67 96
51 68 417
51 69 456
51 70 254
51 71 233
51 72 166
51 73 132
51 74 195
51 75 373
51 76 425
51 77 338
51 78 350
51 79 112
51 80 380
51 81 150
51 82 349
51 83 152
51 84 137
51 85 247
51 86 304
51 87 315
51 88 587
51 89 435
51 90 385
51 91 362
51 92 498
51 93 426
51 94 537
51 95 175
51 96 114
51 97 167
51 98 324
51 99 368
51 100 286
52 53 452
52 54 345
52 55 460
52 56 425
52 57 111
52 58 377
52 59 340
52 60 426
52 61 304
52 62 572
52 63 421
52 64 437
52 65 24
52 66 294
52 67 347
52 68 360
52 69 303
52 70 341
52 71 137
52 72 346
52 73 257
52 74 282
52 75 157
52 76 126
52 77 366
52 78 276
52 79 410
52 80 369
52 81 172
52 82 64
52 83 163
52 84 365
52 85 442
52 86 475
52 87 408
52 88 493
52 89 366
52 90 366
52 91 189
52 92 452
52 93 303
52 94 237
52 95 467
52 96 288
52 97 372
52 98 55
52 99 85
52 100 243
53 54 267
53 55 47
53 56 109
53 57 458
53 58 302
53 59 199
53 60 166
53 61 197
53 62 119
53 63 231
53 64 164
53 65 476
53 66 300
53 67 302
53 68 358
53 69 453
53 70 173
53 71 326
53 72 107
53 73 356
53 74 185
53 75 443
53 76 544
53 77 247
53 78 333
53 79 154
53 80 301
53 81 350
53 82 470
53 83 294
53 84 340
53 85 48
53 86 101
53 87 180
53 88 510
53 89 377
53 90 309
53 91 408
53 92 404
53 93 411
53 94 646
53 95 129
53 96 338
53 97 373
53 98 444
53 99 482
53 100 290
54 55 237
54 56 167
54 57 285
54 58 47
54 59 71
54 60 378
54 61 97
54 62 357
54 63 85
54 64 136
54 65 365
54 66 58
54 67 435
54 68 91
54 69 196
54 70 98
54 71 216
54 72 200
54 73 422
54 74 144
54 75 247
54 76 377
54 77 28
54 78 90
54 79 358
54 80 41
54 81 358
54 82 323
54 83 265
54 84 475
54 85 224
54 86 211
54 87 103
54 88 254
54 89 110
54 90 46
54 91 200
54 92 159
54 93 153
54 94 453
54 95 373
54 96 427
54 97 502
54 98 305
54 99 325
54 100 102
55 56 70
55 57 453
55 58 268
55 59 173
55 60 212
55 61 181
55 62 124
55 63 191
55 64 121
55 65 484
55 66 277
55 67 342
55 68 326
55 69 429
55 70 151
55 71 328
55 72 116
55 73 389
55 74 181
55 75 434
55 76 542
55 77 214
55 78 311
55 79 199
55 80 267
55 81 373
55 82 471
55 83 308
55 84 382
55 85 17
55 86 54
55 87 142
55 88 472
55 89 345
55 90 276
55 91 395
55 92 365
55 93 386
55 94 640
55 95 176
55 96 374
55 97 414
55 98 446
55 99 482
55 100 275
56 57 404
56 58 197
56 59 109
56 60 259
56 61 127
56 62 190
56 63 121
56 64 56
56 65 449
56 66 211
56 67 368
56 68 255
56 69 362
56 70 91
56 71 289
56 72 111
56 73 396
56 74 143
56 75 379
56 76 496
56 77 144
56 78 246
56 79 243
56 80 197
56 81 364
56 82 428
56 83 287
56 84 408
56 85 61
56 86 51
56 87 72
56 88 402
56 89 274
56 90 205
56 91 338
56 92 295
56 93 319
56 94 588
56 95 234
56 96 387
56 97 440
56 98 404
56 99 436
56 100 217
57 58 307
57 59 303
57 60 471
57 61 277
57 62 575
57 63 369
57 64 402
57 65 117
57 66 228
57 67 424
57 68 276
57 69 197
57 70 313
57 71 136
57 72 351
57 73 348
57 74 273
57 75 50
57 76 92
57 77 312
57 78 201
57 79 453
57 80 299
57 81 258
57 82 52
57 83 210
57 84 450
57 85 436
57 86 456
57 87 369
57 88 390
57 89 278
57 90 294
57 91 94
57 92 363
57 93 205
57 94 188
57 95 502
57 96 375
57 97 461
57 98 56
57 99 43
57 100 192
58 59 114
58 60 422
58 61 144
58 62 384
58 63 88
58 64 155
58 65 396
58 66 83
58 67 482
58 68 61
58 69 185
58 70 141
58 71 254
58 72 245
58 73 469
58 74 191
58 75 264
58 76 396
58 77 55
58 78 105
58 79 403
58 80 8
58 81 402
58 82 349
58 83 310
58 84 522
58 85 257
58 86 235
58 87 126
58 88 211
58 89 79
58 90 13
58 91 216
58 92 112
58 93 142
58 94 463
58 95 414
58 96 474
58 97 549
58 98 334
58 99 348
58 100 138
59 60 308
59 61 41
59 62 297
59 63 91
59 64 99
59 65 362
59 66 103
59 67 374
59 68 162
59 69 256
59 70 27
59 71 203
59 72 130
59 73 373
59 74 87
59 75 273
59 76 395
59 77 61
59 78 137
59 79 288
59 80 110
59 81 319
59 82 332
59 83 229
59 84 415
59 85 159
59 86 158
59 87 68
59 88 325
59 89 181
59 90 117
59 91 230
59 92 226
59 93 213
59 94 483
59 95 302
59 96 374
59 97 443
59 98 310
59 99 338
59 100 111
60 61 284
60 62 234
60 63 371
60 64 315
60 65 448
60 66 390
60 67 157
60 68 467
60 69 532
60 70 280
60 71 336
60 72 177
60 73 242
60 74 246
60 75 474
60 76 542
60 77 368
60 78 415
60 79 20
60 80 418
60 81 275
60 82 465
60 83 266
60 84 189
60 85 208
60 86 266
60 87 320
60 88 633
60 89 486
60 90 425
60 91 454
60 92 533
60 93 496
60 94 653
60 95 59
60 96 213
60 97 220
60 98 439
60 99 482
60 100 356
61 62 306
61 63 133
61 64 133
61 65 327
61 66 108
61 67 338
61 68 182
61 69 258
61 70 37
61 71 166
61 72 109
61 73 332
61 74 47
61 75 253
61 76 368
61 77 97
61 78 138
61 79 264
61 80 139
61 81 277
61 82 301
61 83 188
61 84 378
61 85 165
61 86 178
61 87 106
61 88 351
61 89 201
61 90 144
61 91 214
61 92 256
61 93 218
61 94 461
61 95 286
61 96 334
61 97 406
61 98 278
61 99 309
61 100 93
62 63 299
62 64 229
62 65 596
62 66 400
62 67 388
62 68 443
62 69 552
62 70 275
62 71 445
62 72 226
62 73 459
62 74 302
62 75 557
62 76 662
62 77 333
62 78 435
62 79 231
62 80 384
62 81 463
62 82 589
62 83 413
62 84 423
62 85 140
62 86 149
62 87 257
62 88 579
62 89 462
62 90 393
62 91 520
62 92 471
62 93 509
62 94 763
62 95 177
62 96 436
62 97 455
62 98 563
62 99 601
62 100 399
63 64 70
63 65 443
63 66 143
63 67 457
63 68 150
63 69 272
63 70 107
63 71 287
63 72 200
63 73 463
63 74 177
63 75 332
63 76 461
63 77 57
63 78 175
63 79 353
63 80 92
63 81 410
63 82 405
63 83 320
63 84 498
63 85 183
63 86 151
63 87 51
63 88 281
63 89 167
63 90 100
63 91 285
63 92 174
63 93 229
63 94 538
63 95 353
63 96 462
63 97 528
63 98 386
63 99 408
63 100 180
64 65 460
64 66 189
64 67 417
64 68 216
64 69 333
64 70 96
64 71 300
64 72 157
64 73 438
64 74 164
64 75 371
64 76 495
64 77 109
64 78 224
64 79 298
64 80 157
64 81 397
64 82 431
64 83 314
64 84 458
64 85 115
64 86 80
64 87 33
64 88 352
64 89 234
64 90 165
64 91 326
64 92 244
64 93 289
64 94 580
64 95 290
64 96 432
64 97 489
64 98 409
64 99 437
64 100 210
65 66 313
65 67 365
65 68 377
65 69 313
65 70 364
65 71 160
65 72 370
65 73 272
65 74 306
65 75 165
65 76 113
65 77 387
65 78 294
65 79 433
65 80 388
65 81 189
65 82 65
65 83 187
65 84 381
65 85 466
65 86 499
65 87 431
65 88 505
65 89 382
65 90 385
65 91 201
65 92 468
65 93 315
65 94 221
65 95 490
65 96 304
65 97 386
65 98 66
65 99 83
65 100 263
66 67 426
66 68 86
66 69 153
66 70 127
66 71 172
66 72 217
66 73 400
66 74 144
66 75 189
66 76 320
66 77 85
66 78 35
66 79 370
66 80 75
66 81 327
66 82 268
66 83 235
66 84 464
66 85 262
66 86 259
66 87 155
66 88 255
66 89 102
66 90 73
66 91 142
66 92 176
66 93 110
66 94 395
66 95 394
66 96 409
66 97 489
66 98 251
66 99 268
66 100 57
67 68 511
67 69 541
67 70 351
67 71 307
67 72 260
67 73 104
67 74 291
67 75 444
67 76 473
67 77 435
67 78 440
67 79 157
67 80 476
67 81 175
67 82 401
67 83 220
67 84 40
67 85 332
67 86 391
67 87 411
67 88 681
67 89 528
67 90 480
67 91 439
67 92 594
67 93 514
67 94 585
67 95 216
67 96 69
67 97 72
67 98 378
67 99 421
67 100 376
68 69 128
68 70 189
68 71 252
68 72 290
68 73 486
68 74 225
68 75 229
68 76 361
68 77 111
68 78 86
68 79 447
68 80 59
68 81 412
68 82 324
68 83 321
68 84 550
68 85 314
68 86 295
68 87 186
68 88 169
68 89 19
68 90 50
68 91 182
68 92 93
68 93 88
68 94 417
68 95 464
68 96 496
68 97 575
68 98 312
68 99 319
68 100 142
69 70 280
69 71 240
69 72 366
69 73 492
69 74 287
69 75 147
69 76 264
69 77 223
69 78 120
69 79 512
69 80 181
69 81 406
69 82 250
69 83 326
69 84 575
69 85 415
69 86 408
69 87 300
69 88 193
69 89 117
69 90 172
69 91 117
69 92 187
69 93 43
69 94 299
69 95 542
69 96 510
69 97 595
69 98 248
69 99 238
69 100 175
70 71 204
70 72 103
70 73 355
70 74 71
70 75 287
70 76 405
70 77 87
70 78 160
70 79 261
70 80 138
70 81 306
70 82 338
70 83 219
70 84 392
70 85 136
70 86 143
70 87 72
70 88 352
70 89 209
70 90 144
70 91 246
70 92 252
70 93 238
70 94 496
70 95 274
70 96 354
70 97 421
70 98 315
70 99 346
70 100 126
71 72 219
71 73 251
71 74 147
71 75 140
71 76 217
71 77 235
71 78 166
71 79 317
71 80 246
71 81 167
71 82 143
71 83 87
71 84 338
71 85 311
71 86 339
71 87 271
71 88 408
71 89 263
71 90 245
71 91 132
71 92 345
71 93 221
71 94 323
71 95 365
71 96 270
71 97 356
71 98 117
71 99 156
71 100 116
72 73 285
72 74 82
72 75 339
72 76 436
72 77 190
72 78 246
72 79 158
72 80 241
72 81 259
72 82 362
72 83 191
72 84 301
72 85 100
72 86 147
72 87 152
72 88 455
72 89 309
72 90 247
72 91 307
72 92 356
72 93 327
72 94 539
72 95 176
72 96 276
72 97 332
72 98 336
72 99 375
72 100 194
73 74 286
73 75 375
73 76 383
73 77 429
73 78 406
73 79 236
73 80 462
73 81 89
73 82 316
73 83 167
73 84 110
73 85 376
73 86 430
73 87 424
73 88 652
73 89 501
73 90 464
73 91 381
73 92 575
73 93 471
73 94 493
73 95 299
73 96 35
73 97 115
73 98 296
73 99 337
73 100 344
74 75 257
74 76 361
74 77 144
74 78 169
74 79 226
74 80 185
74 81 235
74 82 289
74 83 149
74 84 330
74 85 164
74 86 192
74 87 143
74 88 395
74 89 243
74 90 190
74 91 224
74 92 303
74 93 249
74 94 461
74 95 255
74 96 287
74 97 358
74 98 264
74 99 300
74 100 112
75 76 132
75 77 274
75 78 159
75 79 455
75 80 256
75 81 286
75 82 102
75 83 224
75 84 472
75 85 417
75 86 430
75 87 338
75 88 340
75 89 230
75 90 251
75 91 48
75 92 314
75 93 155
75 94 209
75 95 499
75 96 399
75 97 487
75 98 101
75 99 92
75 100 162
76 77 404
76 78 291
76 79 525
76 80 389
76 81 298
76 82 76
76 83 275
76 84 492
76 85 525
76 86 547
76 87 462
76 88 456
76 89 361
76 90 384
76 91 181
76 92 443
76 93 282
76 94 112
76 95 578
76 96 415
76 97 498
76 98 103
76 99 61
76 100 285
77 78 119
77 79 348
77 80 53
77 81 369
77 82 348
77 83 277
77 84 475
77 85 202
77 86 185
77 87 76
77 88 266
77 89 130
77 90 61
77 91 227
77 92 165
77 93 180
77 94 481
77 95 359
77 96 432
77 97 503
77 98 329
77 99 351
77 100 124
78 79 395
78 80 97
78 81 329
78 82 245
78 83 239
78 84 477
78 85 296
78 86 294
78 87 190
78 88 245
78 89 96
78 90 93
78 91 111
78 92 179
78 93 80
78 94 362
78 95 422
78 96 419
78 97 500
78 98 230
78 99 243
78 100 63
79 80 399
79 81 263
79 82 448
79 83 249
79 84 192
79 85 194
79 86 252
79 87 302
79 88 613
79 89 466
79 90 405
79 91 434
79 92 514
79 93 476
79 94 635
79 95 63
79 96 209
79 97 224
79 98 422
79 99 465
79 100 336
80 81 395
80 82 341
80 83 302
80 84 516
80 85 256
80 86 236
80 87 127
80 88 214
80 89 78
80 90 8
80 91 208
80 92 117
80 93 138
80 94 456
80 95 411
80 96 468
80 97 543
80 98 326
80 99 341
80 100 130
81 82 228
81 83 92
81 84 194
81 85 357
81 86 406
81 87 378
81 88 573
81 89 425
81 90 396
81 91 293
81 92 504
81 93 388
81 94 410
81 95 325
81 96 117
81 97 203
81 98 207
81 99 249
81 100 270
82 83 199
82 84 422
82 85 453
82 86 479
82 87 400
82 88 443
82 89 327
82 90 337
82 91 143
82 92 412
82 93 256
82 94 188
82 95 501
82 96 346
82 97 431
82 98 26
82 99 20
82 100 225
83 84 251
83 85 291
83 86 333
83 87 291
83 88 484
83 89 335
83 90 303
83 91 219
83 92 412
83 93 303
83 94 387
83 95 304
83 96 183
83 97 269
83 98 173
83 99 217
83 100 179
84 85 372
84 86 431
84 87 452
84 88 719
84 89 566
84 90 520
84 91 471
84 92 633
84 93 549
84 94 603
84 95 247
84 96 77
84 97 32
84 98 401
84 99 443
84 100 413
85 86 59
85 87 133
85 88 463
85 89 333
85 90 264
85 91 379
85 92 356
85 93 372
85 94 623
85 95 176
85 96 361
85 97 405
85 98 428
85 99 464
85 100 259
86 87 109
86 88 431
86 89 314
86 90 245
86 91 389
86 92 324
86 93 364
86 94 640
86 95 231
86 96 418
86 97 463
86 98 455
86 99 487
86 100 268
87 88 330
87 89 205
87 90 135
87 91 293
87 92 223
87 93 256
87 94 547
87 95 302
87 96 420
87 97 483
87 98 378
87 99 405
87 100 177
88 89 152
88 90 208
88 91 304
88 92 107
88 93 191
88 94 474
88 95 625
88 96 663
88 97 744
88 98 439
88 99 432
88 100 307
89 90 69
89 91 184
89 92 86
89 93 81
89 94 411
89 95 484
89 96 511
89 97 591
89 98 316
89 99 321
89 100 156
90 91 203
90 92 113
90 93 129
90 94 449
90 95 419
90 96 471
90 97 547
90 98 322
90 99 336
90 100 129
91 92 269
91 93 114
91 94 254
91 95 474
91 96 401
91 97 488
91 98 135
91 99 137
91 100 120
92 93 161
92 94 486
92 95 522
92 96 583
92 97 659
92 98 402
92 99 406
92 100 233
93 94 330
93 95 503
93 96 486
93 97 571
93 98 249
93 99 248
93 100 140
94 95 687
94 96 525
94 97 608
94 98 214
94 99 170
94 100 371
95 96 271
95 97 279
95 98 474
95 99 517
95 100 368
96 97 87
96 98 324
96 99 367
96 100 356
97 98 410
97 99 452
97 100 437
98 99 44
98 100 205
99 100 229
