100 4950
1 2 443
1 3 298
1 4 496
1 5 211
1 6 621
1 7 142
1 8 346
1 9 417
1 10 401
1 11 300
1 12 84
1 13 490
1 14 271
1 15 445
1 16 264
1 17 233
1 18 300
1 19 238
1 20 348
1 21 279
1 22 340
1 23 280
1 24 324
1 25 252
1 26 197
1 27 459
1 28 469
1 29 201
1 30 232
1 31 125
1 32 235
1 33 384
1 34 505
1 35 428
1 36 421
1 37 252
1 38 342
1 39 247
1 40 322
1 41 370
1 42 512
1 43 161
1 44 518
1 45 396
1 46 69
1 47 236
1 48 152
1 49 268
1 50 160
1 51 418
1 52 246
1 53 471
1 54 188
1 55 479
1 56 518
1 57 197
1 58 240
1 59 318
1 60 404
1 61 199
1 62 64
1 63 535
1 64 374
1 65 123
1 66 526
1 67 583
1 68 593
1 69 511
1 70 227
1 71 122
1 72 281
1 73 498
1 74 208
1 75 78
1 76 205
1 77 314
1 78 413
1 79 350
1 80 437
1 81 371
1 82 196
1 83 207
1 84 432
1 85 278
1 86 322
1 87 460
1 88 159
1 89 566
1 90 69
1 91 253
1 92 45
1 93 391
1 94 354
1 95 573
1 96 221
1 97 557
1 98 154
1 99 391
1 100 366
2 3 153
2 4 67
2 5 237
2 6 178
2 7 394
2 8 426
2 9 189
2 10 324
2 11 322
2 12 522
2 13 197
2 14 323
2 15 162
2 16 351
2 17 328
2 18 329
2 19 433
2 20 249
2 21 311
2 22 347
2 23 193
2 24 415
2 25 192
2 26 251
2 27 25
2 28 94
2 29 242
2 30 230
2 31 321
2 32 225
2 33 67
2 34 67
2 35 125
2 36 150
2 37 195
2 38 161
2 39 256
2 40 353
2 41 268
2 42 112
2 43 366
2 44 220
2 45 310
2 46 458
2 47 344
2 48 291
2 49 239
2 50 343
2 51 101
2 52 342
2 53 36
2 54 255
2 55 182
2 56 83
2 57 346
2 58 208
2 59 408
2 60 248
2 61 384
2 62 502
2 63 136
2 64 469
2 65 417
2 66 209
2 67 146
2 68 150
2 69 150
2 70 219
2 71 489
2 72 229
2 73 247
2 74 379
2 75 512
2 76 322
2 77 150
2 78 241
2 79 322
2 80 144
2 81 476
2 82 250
2 83 402
2 84 118
2 85 305
2 86 124
2 87 40
2 88 311
2 89 127
2 90 508
2 91 196
2 92 444
2 93 101
2 94 231
2 95 147
2 96 239
2 97 114
2 98 352
2 99 92
2 100 78
3 4 216
3 5 113
3 6 325
3 7 241
3 8 380
3 9 233
3 10 242
3 11 198
3 12 372
3 13 219
3 14 190
3 15 169
3 16 284
3 17 248
3 18 280
3 19 346
3 20 235
3 21 253
3 22 313
3 23 124
3 24 362
3 25 48
3 26 125
3 27 165
3 28 211
3 29 107
3 30 77
3 31 172
3 32 122
3 33 112
3 34 220
3 35 140
3 36 143
3 37 47
3 38 152
3 39 111
3 40 310
3 41 182
3 42 248
3 43 257
3 44 249
3 45 229
3 46 323
3 47 265
3 48 148
3 49 174
3 50 190
3 51 175
3 52 267
3 53 175
3 54 113
3 55 205
3 56 220
3 57 197
3 58 94
3 59 354
3 60 267
3 61 235
3 62 360
3 63 238
3 64 424
3 65 263
3 66 250
3 67 299
3 68 302
3 69 220
3 70 70
3 71 363
3 72 95
3 73 247
3 74 288
3 75 362
3 76 173
3 77 105
3 78 268
3 79 297
3 80 217
3 81 428
3 82 102
3 83 308
3 84 197
3 85 174
3 86 30
3 87 181
3 88 158
3 89 269
3 90 359
3 91 45
3 92 306
3 93 149
3 94 224
3 95 297
3 96 131
3 97 267
3 98 199
3 99 93
3 100 88
4 5 286
4 6 141
4 7 457
4 8 434
4 9 177
4 10 389
4 11 389
4 12 577
4 13 246
4 14 391
4 15 218
4 16 372
4 17 355
4 18 343
4 19 458
4 20 255
4 21 330
4 22 354
4 23 229
4 24 426
4 25 250
4 26 300
4 27 73
4 28 60
4 29 295
4 30 293
4 31 377
4 32 268
4 33 112
4 34 17
4 35 185
4 36 211
4 37 254
4 38 182
4 39 322
4 40 363
4 41 333
4 42 51
4 43 402
4 44 264
4 45 374
4 46 504
4 47 370
4 48 346
4 49 268
4 50 407
4 51 100
4 52 366
4 53 72
4 54 310
4 55 232
4 56 88
4 57 411
4 58 256
4 59 420
4 60 239
4 61 450
4 62 553
4 63 157
4 64 475
4 65 479
4 66 249
4 67 86
4 68 102
4 69 186
4 70 277
4 71 530
4 72 295
4 73 297
4 74 408
4 75 568
4 76 387
4 77 188
4 78 230
4 79 326
4 80 125
4 81 482
4 82 308
4 83 431
4 84 105
4 85 372
4 86 186
4 87 36
4 88 372
4 89 108
4 90 563
4 91 256
4 92 493
4 93 117
4 94 237
4 95 81
4 96 282
4 97 68
4 98 415
4 99 158
4 100 132
5 6 415
5 7 209
5 8 284
5 9 222
5 10 324
5 11 250
5 12 293
5 13 332
5 14 230
5 15 282
5 16 183
5 17 144
5 18 191
5 19 236
5 20 181
5 21 162
5 22 230
5 23 77
5 24 264
5 25 66
5 26 14
5 27 255
5 28 258
5 29 24
5 30 99
5 31 101
5 32 34
5 33 174
5 34 296
5 35 253
5 36 256
5 37 73
5 38 138
5 39 152
5 40 221
5 41 270
5 42 301
5 43 143
5 44 362
5 45 312
5 46 220
5 47 160
5 48 67
5 49 96
5 50 168
5 51 208
5 52 164
5 53 267
5 54 43
5 55 318
5 56 316
5 57 196
5 58 29
5 59 256
5 60 230
5 61 231
5 62 266
5 63 345
5 64 328
5 65 222
5 66 363
5 67 372
5 68 384
5 69 332
5 70 61
5 71 254
5 72 163
5 73 357
5 74 177
5 75 285
5 76 179
5 77 103
5 78 235
5 79 222
5 80 232
5 81 330
5 82 58
5 83 197
5 84 223
5 85 221
5 86 126
5 87 250
5 88 125
5 89 363
5 90 279
5 91 79
5 92 207
5 93 180
5 94 178
5 95 361
5 96 29
5 97 349
5 98 174
5 99 203
5 100 158
6 7 561
6 8 574
6 9 314
6 10 426
6 11 458
6 12 697
6 13 246
6 14 468
6 15 247
6 16 514
6 17 496
6 18 485
6 19 599
6 20 395
6 21 472
6 22 494
6 23 366
6 24 567
6 25 368
6 26 429
6 27 161
6 28 197
6 29 420
6 30 400
6 31 497
6 32 402
6 33 242
6 34 126
6 35 232
6 36 255
6 37 370
6 38 323
6 39 416
6 40 503
6 41 382
6 42 165
6 43 540
6 44 248
6 45 413
6 46 636
6 47 511
6 48 469
6 49 408
6 50 510
6 51 242
6 52 508
6 53 150
6 54 432
6 55 240
6 56 106
6 57 506
6 58 386
6 59 561
6 60 375
6 61 542
6 62 680
6 63 132
6 64 614
6 65 585
6 66 229
6 67 81
6 68 45
6 69 177
6 70 394
6 71 666
6 72 383
6 73 293
6 74 549
6 75 687
6 76 482
6 77 324
6 78 365
6 79 465
6 80 262
6 81 622
6 82 426
6 83 572
6 84 245
6 85 449
6 86 299
6 87 171
6 88 482
6 89 58
6 90 684
6 91 370
6 92 622
6 93 258
6 94 377
6 95 113
6 96 416
6 97 73
6 98 519
6 99 241
6 100 256
7 8 443
7 9 431
7 10 267
7 11 166
7 12 170
7 13 386
7 14 138
7 15 348
7 16 346
7 17 307
7 18 372
7 19 350
7 20 387
7 21 345
7 22 414
7 23 286
7 24 420
7 25 211
7 26 202
7 27 404
7 28 447
7 29 187
7 30 164
7 31 114
7 32 243
7 33 350
7 34 462
7 35 341
7 36 328
7 37 205
7 38 345
7 39 147
7 40 399
7 41 247
7 42 486
7 43 253
7 44 412
7 45 264
7 46 208
7 47 317
7 48 145
7 49 300
7 50 51
7 51 402
7 52 325
7 53 414
7 54 167
7 55 379
7 56 455
7 57 65
7 58 231
7 59 413
7 60 439
7 61 57
7 62 198
7 63 454
7 64 479
7 65 27
7 66 423
7 67 541
7 68 542
7 69 422
7 70 185
7 71 262
7 72 183
7 73 384
7 74 305
7 75 158
7 76 84
7 77 303
7 78 445
7 79 414
7 80 435
7 81 477
7 82 160
7 83 312
7 84 422
7 85 150
7 86 271
7 87 422
7 88 88
7 89 503
7 90 163
7 91 202
7 92 182
7 93 375
7 94 387
7 95 538
7 96 234
7 97 508
7 98 42
7 99 320
7 100 327
8 9 261
8 10 608
8 11 531
8 12 415
8 13 589
8 14 509
8 15 539
8 16 102
8 17 142
8 18 100
8 19 115
8 20 179
8 21 126
8 22 80
8 23 257
8 24 22
8 25 344
8 26 280
8 27 451
8 28 377
8 29 305
8 30 383
8 31 335
8 32 261
8 33 363
8 34 451
8 35 503
8 36 515
8 37 353
8 38 266
8 39 435
8 40 73
8 41 553
8 42 412
8 43 191
8 44 618
8 45 597
8 46 290
8 47 128
8 48 315
8 49 206
8 50 422
8 51 335
8 52 122
8 53 462
8 54 319
8 55 573
8 56 507
8 57 459
8 58 290
8 59 29
8 60 203
8 61 486
8 62 352
8 63 561
8 64 44
8 65 440
8 66 614
8 67 501
8 68 530
8 69 566
8 70 345
8 71 265
8 72 447
8 73 624
8 74 139
8 75 415
8 76 449
8 77 292
8 78 215
8 79 108
8 80 312
8 81 49
8 82 338
8 83 139
8 84 328
8 85 503
8 86 376
8 87 411
8 88 384
8 89 541
8 90 401
8 91 360
8 92 305
8 93 325
8 94 197
8 95 475
8 96 256
8 97 501
8 98 423
8 99 446
8 100 367
9 10 470
9 11 430
9 12 501
9 13 382
9 14 420
9 15 339
9 16 218
9 17 215
9 18 181
9 19 307
9 20 89
9 21 177
9 22 182
9 23 145
9 24 256
9 25 233
9 26 232
9 27 213
9 28 118
9 29 243
9 30 288
9 31 323
9 32 190
9 33 147
9 34 195
9 35 300
9 36 321
9 37 241
9 38 86
9 39 338
9 40 194
9 41 409
9 42 150
9 43 281
9 44 407
9 45 456
9 46 401
9 47 226
9 48 289
9 49 149
9 50 387
9 51 88
9 52 219
9 53 222
9 54 263
9 55 366
9 56 259
9 57 408
9 58 200
9 59 251
9 60 61
9 61 446
9 62 460
9 63 323
9 64 300
9 65 445
9 66 397
9 67 240
9 68 269
9 69 339
9 70 254
9 71 412
9 72 327
9 73 428
9 74 268
9 75 495
9 76 387
9 77 133
9 78 53
9 79 152
9 80 52
9 81 308
9 82 272
9 83 289
9 84 73
9 85 405
9 86 209
9 87 163
9 88 344
9 89 286
9 90 486
9 91 247
9 92 398
9 93 96
9 94 74
9 95 214
9 96 201
9 97 242
9 98 393
9 99 248
9 100 165
10 11 102
10 12 438
10 13 185
10 14 130
10 15 180
10 16 507
10 17 468
10 18 513
10 19 551
10 20 478
10 21 485
10 22 550
10 23 364
10 24 588
10 25 266
10 26 329
10 27 316
10 28 415
10 29 304
10 30 225
10 31 305
10 32 349
10 33 328
10 34 382
10 35 205
10 36 179
10 37 257
10 38 393
10 39 177
10 40 543
10 41 60
10 42 437
10 43 449
10 44 195
10 45 14
10 46 458
10 47 484
10 48 308
10 49 409
10 50 240
10 51 396
10 52 489
10 53 318
10 54 293
10 55 187
10 56 335
10 57 205
10 58 320
10 59 581
10 60 510
10 61 214
10 62 463
10 63 294
10 64 652
10 65 294
10 66 214
10 67 446
10 68 429
10 69 250
10 70 263
10 71 511
10 72 161
10 73 152
10 74 493
10 75 425
10 76 196
10 77 347
10 78 509
10 79 536
10 80 443
10 81 654
10 82 273
10 83 510
10 84 420
10 85 123
10 86 261
10 87 364
10 88 254
10 89 372
10 90 431
10 91 250
10 92 433
10 93 377
10 94 467
10 95 460
10 96 352
10 97 405
10 98 246
10 99 235
10 100 307
11 12 336
11 13 243
11 14 28
11 15 217
11 16 429
11 17 389
11 18 441
11 19 463
11 20 421
11 21 412
11 22 480
11 23 305
11 24 510
11 25 204
11 26 252
11 27 321
11 28 401
11 29 227
11 30 152
11 31 211
11 32 279
11 33 305
11 34 387
11 35 226
11 36 204
11 37 194
11 38 347
11 39 98
11 40 471
11 41 89
11 42 431
11 43 360
11 44 263
11 45 98
11 46 358
11 47 404
11 48 220
11 49 343
11 50 139
11 51 371
11 52 409
11 53 327
11 54 212
11 55 239
11 56 356
11 57 103
11 58 253
11 59 503
11 60 460
11 61 115
11 62 361
11 63 334
11 64 573
11 65 192
11 66 278
11 67 460
11 68 451
11 69 294
11 70 192
11 71 411
11 72 103
11 73 228
11 74 408
11 75 324
11 76 96
11 77 299
11 78 462
11 79 471
11 80 414
11 81 574
11 82 193
11 83 422
11 84 394
11 85 28
11 86 224
11 87 359
11 88 158
11 89 401
11 90 330
11 91 188
11 92 333
11 93 347
11 94 413
11 95 468
11 96 279
11 97 422
11 98 145
11 99 231
11 100 280
12 13 550
12 14 309
12 15 508
12 16 341
12 17 314
12 18 380
12 19 302
12 20 432
12 21 360
12 22 418
12 23 364
12 24 394
12 25 329
12 26 280
12 27 536
12 28 552
12 29 281
12 30 301
12 31 201
12 32 319
12 33 465
12 34 585
12 35 494
12 36 485
12 37 327
12 38 426
12 39 305
12 40 399
12 41 417
12 42 595
12 43 240
12 44 576
12 45 435
12 46 125
12 47 315
12 48 231
12 49 353
12 50 208
12 51 501
12 52 325
12 53 547
12 54 266
12 55 540
12 56 593
12 57 235
12 58 322
12 59 389
12 60 488
12 61 224
12 62 67
12 63 605
12 64 439
12 65 144
12 66 586
12 67 663
12 68 672
12 69 578
12 70 303
12 71 161
12 72 340
12 73 551
12 74 283
12 75 12
12 76 251
12 77 397
12 78 497
12 79 430
12 80 522
12 81 434
12 82 271
12 83 277
12 84 516
12 85 320
12 86 398
12 87 541
12 88 221
12 89 642
12 90 15
12 91 327
12 92 113
12 93 474
12 94 439
12 95 654
12 96 305
12 97 636
12 98 200
12 99 463
12 100 445
13 14 261
13 15 50
13 16 498
13 17 465
13 18 488
13 19 565
13 20 424
13 21 464
13 22 516
13 23 332
13 24 573
13 25 265
13 26 344
13 27 178
13 28 291
13 29 322
13 30 261
13 31 368
13 32 340
13 33 237
13 34 234
13 35 85
13 36 75
13 37 261
13 38 330
13 39 245
13 40 516
13 41 155
13 42 298
13 43 476
13 44 30
13 45 174
13 46 529
13 47 482
13 48 354
13 49 384
13 50 342
13 51 294
13 52 484
13 53 174
13 54 323
13 55 15
13 56 170
13 57 322
13 58 313
13 59 565
13 60 436
13 61 349
13 62 555
13 63 114
13 64 633
13 65 414
13 66 36
13 67 281
13 68 257
13 69 69
13 70 280
13 71 574
13 72 209
13 73 51
13 74 507
13 75 538
13 76 302
13 77 297
13 78 431
13 79 494
13 80 340
13 81 638
13 82 307
13 83 528
13 84 315
13 85 244
13 86 214
13 87 234
13 88 331
13 89 197
13 90 539
13 91 256
13 92 509
13 93 286
13 94 408
13 95 301
13 96 350
13 97 239
13 98 351
13 99 142
13 100 226
14 15 231
14 16 407
14 17 367
14 18 420
14 19 438
14 20 405
14 21 392
14 22 460
14 23 289
14 24 488
14 25 189
14 26 231
14 27 325
14 28 398
14 29 206
14 30 135
14 31 184
14 32 261
14 33 300
14 34 390
14 35 236
14 36 216
14 37 180
14 38 335
14 39 82
14 40 450
14 41 111
14 42 430
14 43 335
14 44 283
14 45 126
14 46 330
14 47 381
14 48 195
14 49 324
14 50 111
14 51 365
14 52 387
14 53 332
14 54 190
14 55 256
14 56 364
14 57 75
14 58 236
14 59 480
14 60 447
14 61 90
14 62 333
14 63 347
14 64 551
14 65 165
14 66 297
14 67 465
14 68 458
14 69 309
14 70 174
14 71 383
14 72 96
14 73 251
14 74 383
14 75 296
14 76 68
14 77 287
14 78 449
14 79 452
14 80 407
14 81 551
14 82 172
14 83 397
14 84 387
14 85 19
14 86 218
14 87 359
14 88 131
14 89 410
14 90 302
14 91 174
14 92 305
14 93 340
14 94 398
14 95 470
14 96 259
14 97 427
14 98 116
14 99 234
14 100 276
15 16 448
15 17 415
15 18 439
15 19 515
15 20 376
15 21 414
15 22 467
15 23 282
15 24 523
15 25 216
15 26 294
15 27 146
15 28 256
15 29 273
15 30 214
15 31 322
15 32 290
15 33 192
15 34 209
15 35 39
15 36 25
15 37 211
15 38 283
15 39 203
15 40 467
15 41 136
15 42 269
15 43 426
15 44 80
15 45 167
15 46 482
15 47 432
15 48 306
15 49 334
15 50 302
15 51 254
15 52 433
15 53 146
15 54 274
15 55 36
15 56 155
15 57 285
15 58 262
15 59 516
15 60 392
15 61 315
15 62 510
15 63 118
15 64 584
15 65 375
15 66 82
15 67 267
15 68 249
15 69 77
15 70 231
15 71 526
15 72 167
15 73 88
15 74 456
15 75 496
15 76 264
15 77 248
15 78 388
15 79 446
15 80 300
15 81 589
15 82 259
15 83 477
15 84 275
15 85 213
15 86 164
15 87 201
15 88 288
15 89 192
15 90 497
15 91 206
15 92 462
15 93 243
15 94 361
15 95 283
15 96 300
15 97 225
15 98 311
15 99 94
15 100 179
16 17 40
16 18 42
16 19 88
16 20 128
16 21 42
16 22 76
16 23 167
16 24 81
16 25 245
16 26 178
16 27 376
16 28 320
16 29 203
16 30 282
16 31 235
16 32 162
16 33 285
16 34 387
16 35 413
16 36 423
16 37 253
16 38 192
16 39 333
16 40 57
16 41 453
16 42 360
16 43 102
16 44 528
16 45 496
16 46 220
16 47 28
16 48 214
16 49 115
16 50 321
16 51 271
16 52 20
16 53 387
16 54 217
16 55 483
16 56 435
16 57 358
16 58 191
16 59 73
16 60 176
16 61 387
16 62 284
16 63 483
16 64 144
16 65 346
16 66 525
16 67 449
16 68 473
16 69 482
16 70 244
16 71 212
16 72 346
16 73 531
16 74 61
16 75 339
16 76 347
16 77 206
16 78 187
16 79 92
16 80 262
16 81 146
16 82 236
16 83 76
16 84 272
16 85 401
16 86 283
16 87 344
16 88 283
16 89 473
16 90 326
16 91 260
16 92 228
16 93 256
16 94 144
16 95 426
16 96 156
16 97 441
16 98 323
16 99 358
16 100 284
17 18 67
17 19 104
17 20 129
17 21 46
17 22 108
17 23 138
17 24 121
17 25 208
17 26 138
17 27 352
17 28 307
17 29 164
17 30 242
17 31 196
17 32 126
17 33 261
17 34 370
17 35 382
17 36 390
17 37 216
17 38 173
17 39 293
17 40 92
17 41 414
17 42 349
17 43 74
17 44 495
17 45 457
17 46 197
17 47 16
17 48 173
17 49 88
17 50 281
17 51 256
17 52 20
17 53 364
17 54 177
17 55 450
17 56 412
17 57 318
17 58 155
17 59 113
17 60 183
17 61 347
17 62 260
17 63 457
17 64 184
17 65 308
17 66 494
17 67 435
17 68 457
17 69 453
17 70 206
17 71 198
17 72 307
17 73 496
17 74 54
17 75 311
17 76 307
17 77 179
17 78 194
17 79 116
17 80 254
17 81 186
17 82 196
17 83 76
17 84 260
17 85 361
17 86 250
17 87 325
17 88 243
17 89 453
17 90 299
17 91 222
17 92 201
17 93 237
17 94 142
17 95 415
17 96 119
17 97 424
17 98 284
17 99 327
17 100 257
18 19 127
18 20 92
18 21 28
18 22 41
18 23 157
18 24 85
18 25 247
18 26 189
18 27 354
18 28 289
18 29 214
18 30 290
18 31 258
18 32 164
18 33 265
18 34 359
18 35 402
18 36 415
18 37 256
18 38 168
18 39 343
18 40 30
18 41 456
18 42 328
18 43 139
18 44 517
18 45 501
18 46 260
18 47 64
18 48 233
18 49 106
18 50 343
18 51 243
18 52 55
18 53 365
18 54 230
18 55 473
18 56 411
18 57 378
18 58 193
18 59 78
18 60 135
18 61 409
18 62 324
18 63 464
18 64 145
18 65 374
18 66 513
18 67 417
18 68 443
18 69 466
18 70 251
18 71 254
18 72 352
18 73 524
18 74 103
18 75 377
18 76 364
18 77 191
18 78 146
18 79 50
18 80 228
18 81 150
18 82 248
18 83 119
18 84 240
18 85 413
18 86 275
18 87 318
18 88 303
18 89 448
18 90 365
18 91 263
18 92 267
18 93 230
18 94 109
18 95 393
18 96 162
18 97 412
18 98 346
18 99 346
18 100 267
19 20 217
19 21 130
19 22 146
19 23 242
19 24 95
19 25 302
19 26 226
19 27 457
19 28 408
19 29 251
19 30 327
19 31 254
19 32 225
19 33 366
19 34 473
19 35 483
19 36 490
19 37 309
19 38 276
19 39 374
19 40 127
19 41 501
19 42 448
19 43 102
19 44 595
19 45 541
19 46 177
19 47 88
19 48 243
19 49 193
19 50 338
19 51 358
19 52 91
19 53 469
19 54 258
19 55 551
19 56 517
19 57 378
19 58 252
19 59 92
19 60 262
19 61 399
19 62 237
19 63 561
19 64 137
19 65 343
19 66 595
19 67 536
19 68 560
19 69 556
19 70 295
19 71 149
19 72 393
19 73 593
19 74 59
19 75 303
19 76 372
19 77 284
19 78 274
19 79 171
19 80 351
19 81 133
19 82 278
19 83 40
19 84 359
19 85 435
19 86 352
19 87 429
19 88 307
19 89 557
19 90 289
19 91 315
19 92 194
19 93 341
19 94 233
19 95 514
19 96 215
19 97 527
19 98 338
19 99 429
19 100 361
20 21 88
20 22 99
20 23 115
20 24 171
20 25 217
20 26 186
20 27 274
20 28 199
20 29 205
20 30 269
20 31 274
20 32 147
20 33 189
20 34 271
20 35 338
20 36 354
20 37 226
20 38 93
20 39 323
20 40 107
20 41 418
20 42 236
20 43 200
20 44 452
20 45 465
20 46 323
20 47 138
20 48 242
20 49 87
20 50 349
20 51 155
20 52 131
20 53 284
20 54 225
20 55 408
20 56 328
20 57 377
20 58 169
20 59 165
20 60 55
20 61 413
20 62 385
20 63 385
20 64 221
20 65 396
20 66 445
20 67 325
20 68 353
20 69 393
20 70 230
20 71 328
20 72 322
20 73 464
20 74 181
20 75 427
20 76 359
20 77 132
20 78 65
20 79 72
20 80 136
20 81 228
20 82 239
20 83 201
20 84 150
20 85 393
20 86 222
20 87 232
20 88 306
20 89 361
20 90 417
20 91 233
20 92 323
20 93 147
20 94 18
20 95 301
20 96 153
20 97 322
20 98 354
20 99 282
20 100 198
21 22 69
21 23 132
21 24 109
21 25 219
21 26 160
21 27 336
21 28 278
21 29 185
21 30 261
21 31 231
21 32 136
21 33 245
21 34 346
21 35 379
21 36 390
21 37 228
21 38 150
21 39 314
21 40 59
21 41 428
21 42 318
21 43 121
21 44 493
21 45 473
21 46 244
21 47 50
21 48 205
21 49 80
21 50 315
21 51 229
21 52 43
21 53 347
21 54 201
21 55 449
21 56 394
21 57 349
21 58 165
21 59 101
21 60 139
21 61 381
21 62 307
21 63 444
21 64 170
21 65 348
21 66 490
21 67 406
21 68 431
21 69 445
21 70 222
21 71 243
21 72 324
21 73 498
21 74 93
21 75 357
21 76 336
21 77 168
21 78 150
21 79 71
21 80 220
21 81 174
21 82 219
21 83 113
21 84 230
21 85 384
21 86 250
21 87 303
21 88 274
21 89 432
21 90 345
21 91 235
21 92 248
21 93 214
21 94 103
21 95 384
21 96 133
21 97 399
21 98 318
21 99 322
21 100 246
22 23 189
22 24 74
22 25 283
22 26 229
22 27 372
22 28 297
22 29 253
22 30 328
22 31 300
22 32 202
22 33 286
22 34 371
22 35 430
22 36 444
22 37 292
22 38 188
22 39 382
22 40 20
22 41 492
22 42 332
22 43 178
22 44 544
22 45 537
22 46 296
22 47 103
22 48 275
22 49 140
22 50 385
22 51 255
22 52 94
22 53 383
22 54 270
22 55 500
22 56 427
22 57 419
22 58 230
22 59 70
22 60 126
22 61 450
22 62 360
22 63 483
22 64 122
22 65 416
22 66 539
22 67 422
22 68 450
22 69 489
22 70 289
22 71 285
22 72 389
22 73 553
22 74 136
22 75 416
22 76 405
22 77 218
22 78 138
22 79 29
22 80 232
22 81 129
22 82 288
22 83 148
22 84 248
22 85 452
22 86 306
22 87 332
22 88 344
22 89 460
22 90 403
22 91 299
22 92 305
22 93 246
22 94 117
22 95 396
22 96 201
22 97 421
22 98 388
22 99 373
22 100 291
23 24 241
23 25 101
23 26 87
23 27 216
23 28 192
23 29 98
23 30 153
23 31 178
23 32 45
23 33 125
23 34 241
23 35 246
23 36 258
23 37 110
23 38 62
23 39 207
23 40 186
23 41 305
23 42 235
23 43 174
23 44 361
23 45 351
23 46 277
23 47 154
23 48 144
23 49 52
23 50 242
23 51 139
23 52 154
23 53 228
23 54 118
23 55 316
23 56 276
23 57 267
23 58 56
23 59 233
23 60 158
23 61 304
23 62 330
23 63 319
23 64 302
23 65 299
23 66 358
23 67 314
23 68 331
23 69 315
23 70 115
23 71 301
23 72 206
23 73 366
23 74 187
23 75 357
23 76 247
23 77 42
23 78 162
23 79 172
23 80 158
23 81 307
23 82 129
23 83 209
23 84 152
23 85 278
23 86 118
23 87 196
23 88 200
23 89 319
23 90 349
23 91 117
23 92 269
23 93 114
23 94 108
23 95 299
23 96 59
23 97 296
23 98 249
23 99 191
23 100 119
24 25 325
24 26 259
24 27 440
24 28 370
24 29 285
24 30 363
24 31 313
24 32 242
24 33 351
24 34 442
24 35 487
24 36 499
24 37 334
24 38 253
24 39 414
24 40 63
24 41 534
24 42 406
24 43 168
24 44 602
24 45 577
24 46 269
24 47 106
24 48 293
24 49 189
24 50 399
24 51 326
24 52 100
24 53 451
24 54 298
24 55 558
24 56 496
24 57 437
24 58 271
24 59 7
24 60 201
24 61 464
24 62 331
24 63 549
24 64 63
24 65 418
24 66 599
24 67 496
24 68 524
24 69 552
24 70 325
24 71 245
24 72 427
24 73 608
24 74 117
24 75 394
24 76 427
24 77 277
24 78 213
24 79 104
24 80 306
24 81 66
24 82 317
24 83 117
24 84 321
24 85 482
24 86 359
24 87 402
24 88 362
24 89 531
24 90 380
24 91 340
24 92 283
24 93 315
24 94 189
24 95 470
24 96 237
24 97 494
24 98 401
24 99 431
24 100 353
25 26 78
25 27 207
25 28 236
25 29 58
25 30 55
25 31 128
25 32 83
25 33 140
25 34 257
25 35 188
25 36 190
25 37 9
25 38 146
25 39 106
25 40 277
25 41 209
25 42 275
25 43 210
25 44 295
25 45 254
25 46 275
25 47 225
25 48 101
25 49 143
25 50 162
25 51 192
25 52 228
25 53 218
25 54 65
25 55 252
25 56 265
25 57 177
25 58 54
25 59 318
25 60 257
25 61 216
25 62 313
25 63 286
25 64 389
25 65 230
25 66 297
25 67 336
25 68 342
25 69 269
25 70 27
25 71 314
25 72 106
25 73 291
25 74 243
25 75 319
25 76 155
25 77 99
25 78 259
25 79 271
25 80 227
25 81 391
25 82 57
25 83 263
25 84 212
25 85 177
25 86 69
25 87 214
25 88 123
25 89 313
25 90 316
25 91 16
25 92 258
25 93 164
25 94 209
25 95 330
25 96 89
25 97 307
25 98 170
25 99 142
25 100 118
26 27 270
26 28 272
26 29 25
26 30 103
26 31 91
26 32 42
26 33 189
26 34 310
26 35 265
26 36 268
26 37 83
26 38 149
26 39 155
26 40 219
26 41 276
26 42 314
26 43 132
26 44 374
26 45 318
26 46 206
26 47 154
26 48 57
26 49 99
26 50 162
26 51 221
26 52 159
26 53 282
26 54 41
26 55 330
26 56 331
26 57 192
26 58 43
26 59 251
26 60 237
26 61 227
26 62 252
26 63 359
26 64 323
26 65 213
26 66 376
26 67 386
26 68 399
26 69 345
26 70 68
26 71 240
26 72 169
26 73 368
26 74 167
26 75 272
26 76 177
26 77 116
26 78 243
26 79 223
26 80 244
26 81 324
26 82 59
26 83 186
26 84 236
26 85 223
26 86 139
26 87 264
26 88 120
26 89 377
26 90 265
26 91 89
26 92 193
26 93 194
26 94 185
26 95 375
26 96 32
26 97 363
26 98 168
26 99 217
26 100 173
27 28 113
27 29 260
27 30 241
27 31 335
27 32 246
27 33 90
27 34 67
27 35 112
27 36 138
27 37 209
27 38 186
27 39 262
27 40 378
27 41 261
27 42 123
27 43 387
27 44 199
27 45 302
27 46 476
27 47 368
27 48 307
27 49 263
27 50 353
27 51 125
27 52 366
27 53 12
27 54 271
27 55 164
27 56 61
27 57 353
27 58 227
27 59 433
27 60 273
27 61 390
27 62 519
27 63 111
27 64 495
27 65 427
27 66 187
27 67 140
27 68 138
27 69 126
27 70 233
27 71 509
27 72 232
27 73 228
27 74 402
27 75 526
27 76 328
27 77 173
27 78 266
27 79 347
27 80 166
27 81 501
27 82 264
27 83 425
27 84 141
27 85 306
27 86 138
27 87 56
27 88 322
27 89 107
27 90 523
27 91 209
27 92 462
27 93 126
27 94 256
27 95 146
27 96 259
27 97 104
27 98 362
27 99 90
27 100 98
28 29 272
28 30 285
28 31 356
28 32 235
28 33 98
28 34 77
28 35 219
28 36 244
28 37 242
28 38 136
28 39 323
28 40 306
28 41 356
28 42 43
28 43 361
28 44 312
28 45 401
28 46 469
28 47 321
28 48 323
28 49 223
28 50 397
28 51 52
28 52 317
28 53 118
28 54 289
28 55 276
28 56 146
28 57 408
28 58 229
28 59 364
28 60 179
28 61 447
28 62 522
28 63 213
28 64 417
28 65 466
28 66 299
28 67 128
28 68 154
28 69 237
28 70 262
28 71 491
28 72 301
28 73 341
28 74 361
28 75 543
28 76 384
28 77 155
28 78 170
28 79 268
28 80 65
28 81 425
28 82 290
28 83 384
28 84 48
28 85 381
28 86 182
28 87 56
28 88 359
28 89 168
28 90 537
28 91 245
28 92 460
28 93 78
28 94 181
28 95 108
28 96 249
28 97 124
28 98 406
28 99 180
28 100 123
29 30 78
29 31 84
29 32 57
29 33 183
29 34 304
29 35 246
29 36 247
29 37 61
29 38 158
29 39 130
29 40 244
29 41 251
29 42 314
29 43 154
29 44 352
29 45 293
29 46 218
29 47 180
29 48 51
29 49 120
29 50 145
29 51 223
29 52 184
29 53 271
29 54 20
29 55 309
29 56 319
29 57 172
29 58 44
29 59 277
29 60 253
29 61 208
29 62 259
29 63 344
29 64 348
29 65 201
29 66 355
29 67 382
29 68 392
29 69 327
29 70 44
29 71 256
29 72 143
29 73 345
29 74 192
29 75 272
29 76 155
29 77 119
29 78 258
29 79 246
29 80 250
29 81 350
29 82 34
29 83 211
29 84 240
29 85 198
29 86 125
29 87 259
29 88 102
29 89 367
29 90 267
29 91 66
29 92 202
29 93 195
29 94 202
29 95 373
29 96 53
29 97 356
29 98 151
29 99 200
29 100 165
30 31 107
30 32 127
30 33 187
30 34 298
30 35 195
30 36 190
30 37 46
30 38 202
30 39 54
30 40 320
30 41 173
30 42 323
30 43 228
30 44 290
30 45 215
30 46 268
30 47 258
30 48 93
30 49 190
30 50 113
30 51 244
30 52 263
30 53 251
30 54 68
30 55 250
30 56 295
30 57 123
30 58 100
30 59 355
30 60 311
30 61 162
30 62 296
30 63 304
30 64 426
30 65 186
30 66 296
30 67 376
30 68 379
30 69 279
30 70 39
30 71 313
30 72 66
30 73 277
30 74 269
30 75 290
30 76 100
30 77 155
30 78 314
30 79 318
30 80 282
30 81 428
30 82 49
30 83 287
30 84 265
30 85 124
30 86 107
30 87 258
30 88 81
30 89 343
30 90 288
30 91 41
30 92 247
30 93 217
30 94 262
30 95 374
30 96 127
30 97 344
30 98 122
30 99 162
30 100 163
31 32 133
31 33 265
31 34 384
31 35 303
31 36 297
31 37 126
31 38 240
31 39 133
31 40 286
31 41 263
31 42 397
31 43 151
31 44 397
31 45 297
31 46 161
31 47 207
31 48 33
31 49 186
31 50 86
31 51 307
31 52 215
31 53 347
31 54 66
31 55 357
31 56 393
31 57 124
31 58 127
31 59 306
31 60 326
31 61 151
31 62 189
31 63 409
31 64 374
31 65 122
31 66 404
31 67 463
31 68 471
31 69 386
31 70 102
31 71 209
31 72 163
31 73 381
31 74 202
31 75 191
31 76 118
31 77 203
31 78 333
31 79 300
31 80 334
31 81 374
31 82 71
31 83 214
31 84 324
31 85 184
31 86 197
31 87 341
31 88 53
31 89 441
31 90 187
31 91 127
31 92 140
31 93 279
31 94 274
31 95 455
31 96 122
31 97 435
31 98 88
31 99 265
31 100 245
32 33 159
32 34 279
32 35 258
32 36 265
32 37 92
32 38 108
32 39 181
32 40 194
32 41 292
32 42 278
32 43 142
32 44 370
32 45 337
32 46 236
32 47 143
32 48 99
32 49 63
32 50 202
32 51 183
32 52 145
32 53 258
32 54 77
32 55 326
32 56 307
32 57 230
32 58 29
32 59 234
32 60 196
32 61 265
32 62 286
32 63 342
32 64 305
32 65 255
32 66 370
32 67 354
32 68 368
32 69 333
32 70 87
32 71 264
32 72 187
32 73 370
32 74 166
32 75 311
32 76 212
32 77 80
32 78 201
32 79 191
32 80 203
32 81 308
32 82 91
32 83 188
32 84 197
32 85 251
32 86 127
32 87 233
32 88 159
32 89 352
32 90 304
32 91 99
32 92 225
32 93 157
32 94 144
32 95 341
32 96 14
32 97 333
32 98 208
32 99 205
32 100 147
33 34 121
33 35 153
33 36 174
33 37 145
33 38 97
33 39 224
33 40 290
33 41 268
33 42 136
33 43 299
33 44 264
33 45 314
33 46 394
33 47 277
33 48 234
33 49 172
33 50 300
33 51 68
33 52 275
33 53 102
33 54 198
33 55 221
33 56 151
33 57 309
33 58 145
33 59 344
33 60 199
33 61 348
33 62 441
33 63 198
33 64 407
33 65 370
33 66 256
33 67 198
33 68 210
33 69 203
33 70 167
33 71 423
33 72 203
33 73 281
33 74 312
33 75 455
33 76 285
33 77 83
33 78 195
33 79 262
33 80 114
33 81 413
33 82 196
33 83 334
33 84 91
33 85 283
33 86 83
33 87 76
33 88 263
33 89 194
33 90 451
33 91 148
33 92 382
33 93 50
33 94 173
33 95 190
33 96 173
33 97 174
33 98 308
33 99 100
33 100 24
34 35 177
34 36 204
34 37 260
34 38 196
34 39 324
34 40 379
34 41 328
34 42 65
34 43 415
34 44 251
34 45 368
34 46 515
34 47 385
34 48 354
34 49 282
34 50 411
34 51 116
34 52 381
34 53 63
34 54 318
34 55 221
34 56 72
34 57 414
34 58 266
34 59 436
34 60 257
34 61 452
34 62 563
34 63 141
34 64 492
34 65 484
34 66 235
34 67 78
34 68 89
34 69 172
34 70 284
34 71 542
34 72 296
34 73 285
34 74 423
34 75 575
34 76 390
34 77 200
34 78 248
34 79 343
34 80 143
34 81 499
34 82 315
34 83 445
34 84 123
34 85 371
34 86 191
34 87 45
34 88 378
34 89 90
34 90 571
34 91 262
34 92 503
34 93 132
34 94 253
34 95 80
34 96 293
34 97 54
34 98 420
34 99 156
34 100 139
35 36 26
35 37 185
35 38 245
35 39 194
35 40 430
35 41 154
35 42 235
35 43 396
35 44 114
35 45 191
35 46 460
35 47 398
35 48 283
35 49 299
35 50 292
35 51 215
35 52 399
35 53 113
35 54 250
35 55 70
35 56 132
35 57 281
35 58 231
35 59 480
35 60 352
35 61 314
35 62 492
35 63 113
35 64 548
35 65 367
35 66 112
35 67 241
35 68 227
35 69 83
35 70 207
35 71 502
35 72 158
35 73 128
35 74 425
35 75 483
35 76 258
35 77 211
35 78 348
35 79 408
35 80 261
35 81 553
35 82 236
35 83 446
35 84 236
35 85 217
35 86 131
35 87 165
35 88 273
35 89 175
35 90 483
35 91 181
35 92 441
35 93 204
35 94 323
35 95 254
35 96 269
35 97 200
35 98 302
35 99 56
35 100 140
36 37 185
36 38 261
36 39 181
36 40 443
36 41 128
36 42 261
36 43 400
36 44 105
36 45 165
36 46 457
36 47 407
36 48 281
36 49 310
36 50 280
36 51 237
36 52 409
36 53 140
36 54 249
36 55 61
36 56 157
36 57 266
36 58 237
36 59 492
36 60 372
36 61 297
36 62 485
36 63 131
36 64 560
36 65 354
36 66 107
36 67 267
36 68 252
36 69 94
36 70 206
36 71 501
36 72 145
36 73 109
36 74 431
36 75 473
36 76 244
36 77 225
36 78 368
36 79 423
36 80 284
36 81 565
36 82 233
36 83 452
36 84 259
36 85 197
36 86 140
36 87 190
36 88 264
36 89 198
36 90 474
36 91 181
36 92 437
36 93 224
36 94 340
36 95 281
36 96 275
36 97 226
36 98 289
36 99 73
36 100 158
37 38 155
37 39 97
37 40 286
37 41 200
37 42 281
37 43 215
37 44 290
37 45 245
37 46 277
37 47 232
37 48 101
37 49 152
37 50 155
37 51 199
37 52 236
37 53 220
37 54 66
37 55 247
37 56 266
37 57 169
37 58 63
37 59 326
37 60 266
37 61 208
37 62 313
37 63 285
37 64 397
37 65 225
37 66 293
37 67 339
37 68 345
37 69 266
37 70 24
37 71 317
37 72 97
37 73 284
37 74 250
37 75 317
37 76 147
37 77 108
37 78 268
37 79 280
37 80 235
37 81 400
37 82 55
37 83 270
37 84 219
37 85 167
37 86 71
37 87 218
37 88 118
37 89 314
37 90 314
37 91 7
37 92 259
37 93 171
37 94 218
37 95 335
37 96 97
37 97 310
37 98 163
37 99 140
37 100 122
38 39 252
38 40 192
38 41 333
38 42 179
38 43 224
38 44 358
38 45 380
38 46 335
38 47 188
38 48 206
38 49 87
38 50 300
38 51 84
38 52 185
38 53 197
38 54 178
38 55 314
38 56 243
38 57 321
38 58 114
38 59 247
38 60 116
38 61 359
38 62 391
38 63 296
38 64 309
38 65 360
38 66 352
38 67 262
38 68 284
38 69 301
38 70 167
38 71 355
38 72 244
38 73 371
38 74 227
38 75 419
38 76 300
38 77 47
38 78 116
38 79 164
38 80 95
38 81 315
38 82 186
38 83 249
38 84 92
38 85 321
38 86 133
38 87 152
38 88 258
38 89 281
38 90 411
38 91 161
38 92 328
38 93 64
38 94 78
38 95 244
38 96 121
38 97 250
38 98 307
38 99 188
38 100 104
39 40 373
39 41 130
39 42 358
39 43 272
39 44 272
39 45 167
39 46 294
39 47 309
39 48 132
39 49 244
39 50 99
39 51 286
39 52 314
39 53 271
39 54 116
39 55 235
39 56 310
39 57 90
39 58 155
39 59 407
39 60 364
39 61 127
39 62 312
39 63 307
39 64 478
39 65 173
39 66 281
39 67 402
39 68 400
39 69 275
39 70 93
39 71 343
39 72 35
39 73 251
39 74 316
39 75 293
39 76 66
39 77 204
39 78 366
39 79 372
39 80 327
39 81 479
39 82 97
39 83 333
39 84 308
39 85 70
39 86 141
39 87 289
39 88 88
39 89 357
39 90 294
39 91 91
39 92 271
39 93 260
39 94 315
39 95 403
39 96 181
39 97 367
39 98 108
39 99 175
39 100 199
40 41 487
40 42 343
40 43 160
40 44 545
40 45 531
40 46 277
40 47 85
40 48 262
40 49 136
40 50 372
40 51 263
40 52 76
40 53 389
40 54 260
40 55 500
40 56 434
40 57 407
40 58 223
40 59 57
40 60 141
40 61 437
40 62 341
40 63 488
40 64 118
40 65 401
40 66 540
40 67 433
40 68 461
40 69 492
40 70 281
40 71 265
40 72 382
40 73 552
40 74 117
40 75 397
40 76 394
40 77 218
40 78 153
40 79 45
40 80 243
40 81 123
40 82 278
40 83 128
40 84 258
40 85 443
40 86 304
40 87 339
40 88 332
40 89 468
40 90 384
40 91 293
40 92 286
40 93 252
40 94 126
40 95 408
40 96 192
40 97 430
40 98 374
40 99 373
40 100 293
41 42 380
41 43 401
41 44 174
41 45 46
41 46 422
41 47 430
41 48 261
41 49 351
41 50 211
41 51 336
41 52 434
41 53 265
41 54 242
41 55 153
41 56 286
41 57 181
41 58 263
41 59 526
41 60 449
41 61 201
41 62 434
41 63 254
41 64 597
41 65 274
41 66 189
41 67 395
41 68 381
41 69 211
41 70 208
41 71 473
41 72 107
41 73 139
41 74 443
41 75 404
41 76 166
41 77 287
41 78 448
41 79 478
41 80 383
41 81 599
41 82 222
41 83 460
41 84 360
41 85 97
41 86 200
41 87 307
41 88 215
41 89 326
41 90 409
41 91 193
41 92 398
41 93 317
41 94 407
41 95 407
41 96 296
41 97 354
41 98 218
41 99 177
41 100 246
42 43 404
42 44 316
42 45 422
42 46 513
42 47 362
42 48 365
42 49 266
42 50 436
42 51 95
42 52 358
42 53 123
42 54 331
42 55 284
42 56 137
42 57 445
42 58 272
42 59 401
42 60 210
42 61 484
42 62 565
42 63 206
42 64 451
42 65 506
42 66 301
42 67 89
42 68 119
42 69 238
42 70 302
42 71 534
42 72 334
42 73 349
42 74 403
42 75 586
42 76 421
42 77 198
42 78 200
42 79 303
42 80 99
42 81 459
42 82 331
42 83 425
42 84 89
42 85 412
42 86 217
42 87 73
42 88 399
42 89 147
42 90 580
42 91 284
42 92 504
42 93 121
42 94 218
42 95 65
42 96 292
42 97 96
42 98 445
42 99 203
42 100 160
43 44 506
43 45 439
43 46 123
43 47 75
43 48 141
43 49 137
43 50 236
43 51 308
43 52 84
43 53 399
43 54 159
43 55 462
43 56 449
43 57 276
43 58 166
43 59 162
43 60 255
43 61 299
43 62 186
43 63 485
43 64 226
43 65 249
43 66 507
43 67 486
43 68 505
43 69 474
43 70 198
43 71 131
43 72 294
43 73 500
43 74 52
43 75 237
43 76 269
43 77 216
43 78 265
43 79 190
43 80 314
43 81 224
43 82 178
43 83 62
43 84 316
43 85 333
43 86 267
43 87 370
43 88 204
43 89 493
43 90 225
43 91 220
43 92 127
43 93 286
43 94 210
43 95 469
43 96 129
43 97 470
43 98 237
43 99 346
43 100 289
44 45 186
44 46 558
44 47 512
44 48 383
44 49 413
44 50 368
44 51 319
44 52 513
44 53 194
44 54 353
44 55 44
44 56 183
44 57 346
44 58 343
44 59 595
44 60 462
44 61 372
44 62 583
44 63 121
44 64 663
44 65 439
44 66 20
44 67 291
44 68 265
44 69 79
44 70 310
44 71 604
44 72 237
44 73 46
44 74 537
44 75 564
44 76 327
44 77 326
44 78 457
44 79 522
44 80 364
44 81 667
44 82 336
44 83 558
44 84 338
44 85 266
44 86 244
44 87 256
44 88 359
44 89 204
44 90 566
44 91 286
44 92 537
44 93 312
44 94 436
44 95 314
44 96 380
44 97 250
44 98 377
44 99 171
44 100 253
45 46 452
45 47 473
45 48 299
45 49 397
45 50 235
45 51 382
45 52 477
45 53 304
45 54 282
45 55 176
45 56 321
45 57 201
45 58 308
45 59 569
45 60 496
45 61 213
45 62 458
45 63 282
45 64 641
45 65 291
45 66 204
45 67 432
45 68 416
45 69 238
45 70 251
45 71 504
45 72 149
45 73 144
45 74 483
45 75 423
45 76 190
45 77 334
45 78 495
45 79 524
45 80 429
45 81 643
45 82 263
45 83 500
45 84 405
45 85 117
45 86 247
45 87 350
45 88 246
45 89 359
45 90 428
45 91 238
45 92 427
45 93 363
45 94 454
45 95 446
45 96 340
45 97 391
45 98 241
45 99 220
45 100 292
46 47 196
46 48 176
46 49 253
46 50 219
46 51 417
46 52 205
46 53 488
46 54 210
46 55 517
46 56 537
46 57 257
46 58 249
46 59 264
46 60 378
46 61 265
46 62 63
46 63 561
46 64 314
46 65 192
46 66 564
46 67 590
46 68 604
46 69 543
46 70 253
46 71 54
46 72 325
46 73 543
46 74 160
46 75 125
46 76 262
46 77 316
46 78 388
46 79 311
46 80 429
46 81 310
46 82 224
46 83 152
46 84 428
46 85 335
46 86 343
46 87 469
46 88 207
46 89 583
46 90 111
46 91 279
46 92 25
46 93 392
46 94 332
46 95 576
46 96 221
46 97 569
46 98 214
46 99 417
46 100 379
47 48 186
47 49 104
47 50 293
47 51 270
47 52 9
47 53 380
47 54 192
47 55 467
47 56 428
47 57 330
47 58 172
47 59 99
47 60 189
47 61 358
47 62 259
47 63 473
47 64 169
47 65 317
47 66 511
47 67 449
47 68 472
47 69 470
47 70 222
47 71 192
47 72 323
47 73 513
47 74 43
47 75 313
47 76 320
47 77 196
47 78 201
47 79 115
47 80 266
47 81 170
47 82 211
47 83 63
47 84 273
47 85 375
47 86 267
47 87 340
47 88 256
47 89 468
47 90 300
47 91 239
47 92 202
47 93 252
47 94 151
47 95 428
47 96 135
47 97 439
47 98 295
47 99 344
47 100 273
48 49 154
48 50 110
48 51 273
48 52 193
48 53 319
48 54 36
48 55 341
48 56 366
48 57 144
48 58 94
48 59 286
48 60 293
48 61 176
48 62 212
48 63 386
48 64 356
48 65 155
48 66 388
48 67 432
48 68 441
48 69 366
48 70 77
48 71 220
48 72 156
48 73 371
48 74 187
48 75 221
48 76 133
48 77 169
48 78 300
48 79 272
48 80 300
48 81 356
48 82 47
48 83 202
48 84 290
48 85 192
48 86 170
48 87 310
48 88 69
48 89 414
48 90 216
48 91 103
48 92 158
48 93 246
48 94 241
48 95 424
48 96 89
48 97 406
48 98 114
48 99 241
48 100 215
49 50 262
49 51 171
49 52 103
49 53 275
49 54 139
49 55 369
49 56 323
49 57 292
49 58 89
49 59 181
49 60 140
49 61 326
49 62 311
49 63 369
49 64 251
49 65 309
49 66 410
49 67 350
49 68 371
49 69 367
49 70 150
49 71 268
49 72 249
49 73 418
49 74 140
49 75 347
49 76 275
49 77 91
49 78 147
49 79 128
49 80 177
49 81 255
49 82 154
49 83 163
49 84 178
49 85 315
49 86 170
49 87 237
49 88 219
49 89 364
49 90 337
49 91 159
49 92 249
49 93 150
49 94 88
49 95 332
49 96 67
49 97 337
49 98 267
49 99 243
49 100 169
50 51 354
50 52 301
50 53 363
50 54 124
50 55 333
50 56 404
50 57 40
50 58 187
50 59 392
50 60 398
50 61 65
50 62 223
50 63 405
50 64 460
50 65 75
50 66 378
50 67 490
50 68 491
50 69 374
50 70 136
50 71 272
50 72 135
50 73 343
50 74 287
50 75 196
50 76 44
50 77 256
50 78 404
50 79 382
50 80 388
50 81 460
50 82 114
50 83 298
50 84 374
50 85 117
50 86 220
50 87 371
50 88 42
50 89 452
50 90 199
50 91 152
50 92 193
50 93 326
50 94 347
50 95 487
50 96 195
50 97 457
50 98 9
50 99 269
50 100 276
51 52 267
51 53 134
51 54 241
51 55 279
51 56 174
51 57 367
51 58 179
51 59 319
51 60 148
51 61 407
51 62 470
51 63 235
51 64 377
51 65 420
51 66 309
51 67 178
51 68 201
51 69 251
51 70 217
51 71 438
51 72 268
51 73 342
51 74 310
51 75 493
51 76 344
51 77 104
51 78 141
51 79 227
51 80 47
51 81 384
51 82 243
51 83 333
51 84 23
51 85 348
51 86 146
51 87 77
51 88 314
51 89 205
51 90 486
51 91 203
51 92 408
51 93 27
51 94 137
51 95 160
51 96 197
51 97 169
51 98 362
51 99 166
51 100 91
52 53 378
52 54 197
52 55 469
52 56 426
52 57 337
52 58 174
52 59 93
52 60 182
52 61 366
52 62 269
52 63 472
52 64 164
52 65 325
52 66 511
52 67 445
52 68 468
52 69 470
52 70 226
52 71 201
52 72 328
52 73 515
52 74 50
52 75 322
52 76 326
52 77 195
52 78 193
52 79 106
52 80 261
52 81 165
52 82 217
52 83 70
52 84 268
52 85 381
52 86 269
52 87 337
52 88 263
52 89 466
52 90 310
52 91 242
52 92 211
52 93 249
52 94 145
52 95 424
52 96 138
52 97 435
52 98 303
52 99 344
52 100 273
53 54 283
53 55 161
53 56 49
53 57 362
53 58 239
53 59 444
53 60 282
53 61 399
53 62 531
53 63 101
53 64 505
53 65 437
53 66 181
53 67 133
53 68 128
53 69 120
53 70 244
53 71 521
53 72 240
53 73 225
53 74 415
53 75 537
53 76 337
53 77 185
53 78 275
53 79 357
53 80 174
53 81 512
53 82 276
53 83 437
53 84 149
53 85 313
53 86 149
53 87 62
53 88 333
53 89 95
53 90 534
53 91 220
53 92 474
53 93 137
53 94 267
53 95 142
53 96 271
53 97 95
53 98 372
53 99 97
53 100 110
54 55 310
54 56 330
54 57 152
54 58 64
54 59 290
54 60 274
54 61 188
54 62 248
54 63 351
54 64 361
54 65 181
54 66 357
54 67 397
54 68 405
54 69 332
54 70 43
54 71 252
54 72 135
54 73 343
54 74 200
54 75 257
54 76 136
54 77 138
54 78 279
54 79 264
54 80 270
54 81 363
54 82 19
54 83 218
54 84 259
54 85 184
54 86 134
54 87 274
54 88 81
54 89 378
54 90 252
54 91 69
54 92 193
54 93 213
54 94 222
54 95 389
54 96 72
54 97 370
54 98 130
54 99 206
54 100 179
55 56 159
55 57 315
55 58 298
55 59 550
55 60 420
55 61 343
55 62 544
55 63 107
55 64 618
55 65 406
55 66 46
55 67 270
55 68 248
55 69 62
55 70 267
55 71 562
55 72 199
55 73 64
55 74 492
55 75 528
55 76 294
55 77 281
55 78 416
55 79 478
55 80 325
55 81 623
55 82 294
55 83 513
55 84 299
55 85 239
55 86 199
55 87 220
55 88 321
55 89 188
55 90 530
55 91 242
55 92 497
55 93 271
55 94 392
55 95 290
55 96 336
55 97 229
55 98 342
55 99 126
55 100 210
56 57 400
56 58 288
56 59 490
56 60 321
56 61 436
56 62 579
56 63 69
56 64 550
56 65 479
56 66 166
56 67 112
56 68 95
56 69 104
56 70 290
56 71 570
56 72 277
56 73 221
56 74 463
56 75 583
56 76 376
56 77 234
56 78 313
56 79 401
56 80 209
56 81 556
56 82 322
56 83 486
56 84 186
56 85 345
56 86 196
56 87 97
56 88 376
56 89 48
56 90 580
56 91 266
56 92 522
56 93 181
56 94 310
56 95 131
56 96 320
56 97 70
56 98 413
56 99 135
56 100 159
57 58 211
57 59 429
57 60 425
57 61 39
57 62 258
57 63 394
57 64 498
57 65 93
57 66 358
57 67 492
57 68 490
57 69 361
57 70 154
57 71 311
57 72 123
57 73 318
57 74 326
57 75 223
57 76 24
57 77 276
57 78 429
57 79 415
57 80 405
57 81 498
57 82 138
57 83 338
57 84 388
57 85 85
57 86 227
57 87 377
57 88 75
57 89 448
57 90 228
57 91 164
57 92 232
57 93 341
57 94 373
57 95 492
57 96 224
57 97 457
57 98 43
57 99 265
57 100 285
58 59 263
58 60 214
58 61 248
58 62 296
58 63 319
58 64 334
58 65 246
58 66 343
58 67 343
58 68 355
58 69 308
58 70 61
58 71 282
58 72 159
58 73 341
58 74 194
58 75 314
58 76 191
58 77 75
58 78 218
58 79 218
58 80 206
58 81 337
58 82 73
58 83 215
58 84 196
58 85 225
58 86 101
58 87 221
58 88 144
58 89 334
58 90 308
58 91 70
58 92 236
58 93 152
58 94 163
58 95 332
58 96 37
58 97 320
58 98 193
58 99 179
58 100 129
59 60 196
59 61 457
59 62 326
59 63 542
59 64 71
59 65 411
59 66 591
59 67 490
59 68 518
59 69 545
59 70 318
59 71 242
59 72 420
59 73 600
59 74 111
59 75 389
59 76 419
59 77 269
59 78 208
59 79 99
59 80 301
59 81 73
59 82 310
59 83 111
59 84 315
59 85 474
59 86 351
59 87 395
59 88 355
59 89 525
59 90 375
59 91 333
59 92 277
59 93 308
59 94 183
59 95 465
59 96 229
59 97 488
59 98 394
59 99 424
59 100 346
60 61 461
60 62 440
60 63 383
60 64 241
60 65 449
60 66 454
60 67 299
60 68 330
60 69 397
60 70 274
60 71 382
60 72 359
60 73 480
60 74 232
60 75 483
60 76 406
60 77 162
60 78 11
60 79 97
60 80 113
60 81 249
60 82 286
60 83 251
60 84 134
60 85 434
60 86 249
60 87 223
60 88 356
60 89 348
60 90 473
60 91 273
60 92 379
60 93 150
60 94 52
60 95 272
60 96 204
60 97 303
60 98 404
60 99 298
60 100 213
61 62 256
61 63 427
61 64 524
61 65 80
61 66 385
61 67 530
61 68 527
61 69 392
61 70 192
61 71 319
61 72 159
61 73 340
61 74 351
61 75 211
61 76 62
61 77 314
61 78 466
61 79 448
61 80 444
61 81 523
61 82 175
61 83 360
61 84 428
61 85 105
61 86 266
61 87 415
61 88 107
61 89 483
61 90 218
61 91 203
61 92 239
61 93 380
61 94 410
61 95 531
61 96 259
61 97 494
61 98 63
61 99 302
61 100 324
62 63 598
62 64 374
62 65 176
62 66 590
62 67 639
62 68 651
62 69 575
62 70 289
62 71 94
62 72 346
62 73 563
62 74 223
62 75 71
62 76 268
62 77 367
62 78 450
62 79 375
62 80 485
62 81 368
62 82 258
62 83 215
62 84 482
62 85 341
62 86 383
62 87 517
62 88 223
62 89 626
62 90 56
62 91 315
62 92 62
62 93 444
62 94 393
62 95 627
62 96 272
62 97 615
62 98 217
62 99 453
62 100 424
63 64 605
63 65 480
63 66 102
63 67 171
63 68 144
63 69 45
63 70 308
63 71 599
63 72 271
63 73 163
63 74 505
63 75 593
63 76 372
63 77 277
63 78 376
63 79 458
63 80 274
63 81 611
63 82 339
63 83 528
63 84 250
63 85 328
63 86 219
63 87 160
63 88 384
63 89 83
63 90 593
63 91 282
63 92 544
63 93 237
63 94 367
63 95 195
63 96 355
63 97 131
63 98 414
63 99 144
63 100 199
64 65 475
64 66 658
64 67 540
64 68 570
64 69 610
64 70 389
64 71 283
64 72 491
64 73 669
64 74 174
64 75 440
64 76 489
64 77 336
64 78 252
64 79 149
64 80 352
64 81 9
64 82 381
64 83 169
64 84 369
64 85 545
64 86 421
64 87 454
64 88 424
64 89 582
64 90 426
64 91 404
64 92 331
64 93 368
64 94 239
64 95 513
64 96 300
64 97 542
64 98 461
64 99 491
64 100 411
65 66 450
65 67 563
65 68 565
65 69 449
65 70 203
65 71 246
65 72 209
65 73 411
65 74 301
65 75 131
65 76 111
65 77 319
65 78 455
65 79 419
65 80 451
65 81 473
65 82 176
65 83 306
65 84 439
65 85 177
65 86 293
65 87 443
65 88 107
65 89 527
65 90 138
65 91 223
65 92 166
65 93 393
65 94 397
65 95 560
65 96 245
65 97 531
65 98 66
65 99 344
65 100 348
66 67 273
66 68 246
66 69 63
66 70 313
66 71 608
66 72 245
66 73 66
66 74 537
66 75 574
66 76 338
66 77 322
66 78 448
66 79 516
66 80 353
66 81 663
66 82 341
66 83 558
66 84 327
66 85 280
66 86 243
66 87 243
66 88 367
66 89 185
66 90 576
66 91 289
66 92 544
66 93 304
66 94 429
66 95 296
66 96 380
66 97 232
66 98 387
66 99 167
66 100 247
67 68 36
67 69 212
67 70 363
67 71 615
67 72 372
67 73 332
67 74 489
67 75 654
67 76 468
67 77 273
67 78 289
67 79 393
67 80 189
67 81 548
67 82 393
67 83 511
67 84 176
67 85 446
67 86 270
67 87 122
67 88 457
67 89 90
67 90 649
67 91 341
67 92 579
67 93 200
67 94 308
67 95 32
67 96 368
67 97 41
67 98 498
67 99 230
67 100 218
68 69 188
68 70 369
68 71 632
68 72 368
68 73 307
68 74 511
68 75 662
68 76 466
68 77 289
68 78 320
68 79 422
68 80 218
68 81 578
68 82 400
68 83 533
68 84 202
68 85 439
68 86 274
68 87 135
68 88 460
68 89 60
68 90 658
68 91 346
68 92 592
68 93 220
68 94 335
68 95 68
68 96 383
68 97 35
68 98 500
68 99 225
68 100 226
69 70 289
69 71 583
69 72 239
69 73 119
69 74 499
69 75 566
69 76 338
69 77 276
69 78 391
69 79 465
69 80 293
69 81 616
69 82 319
69 83 521
69 84 268
69 85 290
69 86 206
69 87 182
69 88 356
69 89 127
69 90 566
69 91 263
69 92 524
69 93 248
69 94 376
69 95 234
69 96 345
69 97 171
69 98 383
69 99 128
69 100 199
70 71 295
70 72 101
70 73 302
70 74 236
70 75 293
70 76 133
70 77 121
70 78 277
70 79 279
70 80 252
70 81 391
70 82 31
70 83 255
70 84 237
70 85 164
70 86 95
70 87 241
70 88 97
70 89 339
70 90 289
70 91 25
70 92 235
70 93 190
70 94 224
70 95 357
70 96 89
70 97 334
70 98 144
70 99 164
70 100 145
71 72 373
71 73 590
71 74 151
71 75 165
71 76 315
71 77 342
71 78 392
71 79 304
71 80 445
71 81 277
71 82 267
71 83 137
71 84 447
71 85 387
71 86 380
71 87 496
71 88 258
71 89 616
71 90 150
71 91 320
71 92 79
71 93 415
71 94 340
71 95 599
71 96 250
71 97 597
71 98 268
71 99 456
71 100 411
72 73 218
72 74 335
72 75 329
72 76 100
72 77 197
72 78 360
72 79 377
72 80 311
72 81 493
72 82 115
72 83 353
72 84 291
72 85 80
72 86 122
72 87 263
72 88 122
72 89 324
72 90 330
72 91 90
72 92 303
72 93 244
72 94 313
72 95 376
72 96 190
72 97 336
72 98 144
72 99 143
72 100 179
73 74 534
73 75 539
73 76 301
73 77 335
73 78 476
73 79 533
73 80 388
73 81 673
73 82 325
73 83 554
73 84 362
73 85 235
73 86 248
73 87 284
73 88 339
73 89 246
73 90 542
73 91 279
73 92 521
73 93 331
73 94 449
73 95 353
73 96 378
73 97 290
73 98 351
73 99 182
73 100 267
74 75 281
74 76 319
74 77 229
74 78 244
74 79 154
74 80 308
74 81 172
74 82 220
74 83 22
74 84 314
74 85 380
74 86 294
74 87 378
74 88 253
74 89 505
74 90 268
74 91 256
74 92 170
74 93 291
74 94 194
74 95 469
74 96 156
74 97 477
74 98 288
74 99 371
74 100 306
75 76 238
75 77 388
75 78 492
75 79 427
75 80 515
75 81 436
75 82 261
75 83 277
75 84 508
75 85 308
75 86 388
75 87 531
75 88 209
75 89 631
75 90 15
75 91 317
75 92 111
75 93 466
75 94 433
75 95 645
75 96 297
75 97 626
75 98 187
75 99 452
75 100 436
76 77 254
76 78 410
76 79 400
76 80 382
76 81 489
76 82 120
76 83 331
76 84 366
76 85 73
76 86 203
76 87 353
76 88 65
76 89 424
76 90 242
76 91 142
76 92 237
76 93 318
76 94 355
76 95 468
76 96 208
76 97 433
76 98 51
76 99 241
76 100 261
77 78 163
77 79 198
77 80 131
77 81 341
77 82 143
77 83 252
77 84 120
77 85 273
77 86 89
77 87 154
77 88 215
77 89 277
77 90 382
77 91 114
77 92 306
77 93 77
77 94 120
77 95 260
77 96 94
77 97 254
77 98 264
77 99 155
77 100 78
78 79 108
78 80 104
78 81 260
78 82 291
78 83 262
78 84 126
78 85 436
78 86 248
78 87 216
78 88 361
78 89 338
78 90 482
78 91 275
78 92 389
78 93 145
78 94 59
78 95 261
78 96 210
78 97 293
78 98 410
78 99 295
78 100 210
79 80 203
79 81 156
79 82 281
79 83 168
79 84 220
79 85 443
79 86 287
79 87 304
79 88 341
79 89 433
79 90 415
79 91 287
79 92 317
79 93 220
79 94 90
79 95 367
79 96 193
79 97 393
79 98 386
79 99 352
79 100 269
80 81 360
80 82 275
80 83 330
80 84 25
80 85 391
80 86 190
80 87 113
80 88 347
80 89 234
80 90 507
80 91 240
80 92 423
80 93 67
80 94 119
80 95 164
80 96 217
80 97 190
80 98 395
80 99 213
80 100 137
81 82 382
81 83 166
81 84 377
81 85 546
81 86 425
81 87 461
81 88 424
81 89 589
81 90 421
81 91 406
81 92 327
81 93 375
81 94 246
81 95 521
81 96 303
81 97 549
81 98 461
81 99 496
81 100 417
82 83 237
82 84 262
82 85 164
82 86 126
82 87 271
82 88 72
82 89 370
82 90 258
82 91 57
82 92 205
82 93 216
82 94 235
82 95 387
82 96 88
82 97 365
82 98 121
82 99 195
82 100 175
83 84 336
83 85 394
83 86 315
83 87 401
83 88 266
83 89 528
83 90 263
83 91 276
83 92 165
83 93 313
83 94 215
83 95 491
83 96 177
83 97 500
83 98 298
83 99 393
83 100 328
84 85 371
84 86 169
84 87 89
84 88 334
84 89 213
84 90 501
84 91 224
84 92 420
84 93 48
84 94 132
84 95 155
84 96 210
84 97 172
84 98 381
84 99 188
84 100 114
85 86 202
85 87 340
85 88 132
85 89 390
85 90 313
85 91 161
85 92 310
85 93 324
85 94 386
85 95 452
85 96 251
85 97 408
85 98 124
85 99 215
85 100 259
86 87 151
86 88 186
86 89 244
86 90 385
86 91 71
86 92 327
86 93 122
86 94 209
86 95 267
86 96 138
86 97 239
86 98 229
86 99 78
86 100 58
87 88 336
87 89 129
87 90 527
87 91 220
87 92 457
87 93 88
87 94 214
87 95 116
87 96 247
87 97 100
87 98 380
87 99 130
87 100 96
88 89 425
88 90 209
88 91 116
88 92 183
88 93 287
88 94 304
88 95 453
88 96 152
88 97 426
88 98 49
88 99 243
88 100 241
89 90 628
89 91 314
89 92 569
89 93 217
89 94 343
89 95 118
89 96 366
89 97 54
89 98 462
89 99 183
89 100 205
90 91 314
90 92 98
90 93 459
90 94 423
90 95 640
90 96 290
90 97 622
90 98 191
90 99 450
90 100 431
91 92 261
91 93 176
91 94 225
91 95 337
91 96 103
91 97 311
91 98 160
91 99 138
91 100 125
92 93 382
92 94 331
92 95 566
92 96 211
92 97 556
92 98 189
92 99 400
92 100 366
93 94 129
93 95 184
93 96 171
93 97 186
93 98 334
93 99 151
93 100 70
94 95 284
94 96 152
94 97 304
94 98 352
94 99 267
94 100 182
95 96 355
95 97 64
95 98 496
95 99 236
95 100 212
96 97 347
96 98 200
96 99 216
96 100 161
97 98 466
97 99 193
97 100 191
98 99 278
98 100 285
99 100 85
