16305
19680
22928
4714
42158
15832
2852
41596
32455
9879
2346
3859
38358
42717
48351
48736
47576
36742
36499
27661
45120
9376
42397
21400
36987
29852
15747
41397
49181
36196
1201
22762
7007
30968
48537
48870
38807
8534
17639
12839
17442
9870
29474
3560
13230
49572
12449
15255
6177
31940
25847
1044
8490
10304
24956
37893
25906
26613
17594
6870
2430
9468
43233
17502
9204
39324
3991
48269
34520
25644
15136
22418
27362
14534
30277
39849
9837
23863
4676
26801
23886
14980
40852
14908
36191
41350
29652
14015
39831
35766
27343
15401
31944
40723
10269
44337
22533
44800
14345
9048
29262
2427
49434
42941
46169
36216
38529
38607
19391
40604
36174
33309
46000
48565
30511
37770
4196
7175
39479
10492
33247
41313
24566
4259
32159
18350
34682
37495
40405
24584
34994
1530
40110
44903
20859
47628
35741
8838
49817
31501
18583
2886
4004
13310
16571
43340
25676
40352
46012
31158
37402
7214
23868
31916
14516
39943
9030
31249
30941
6915
40296
41000
47463
41783
48700
49635
4869
2147
5025
49542
15554
1960
19979
7306
30376
32887
10163
11262
24238
26997
17340
1240
21857
31354
33092
28473
9309
17385
31058
40559
48440
44170
38227
11204
5499
14019
13915
17283
1950
39909
42842
34859
3647
30514
6252
25659
3919
14621
10093
19533
38057
19098
18664
38528
33711
13412
23962
20446
46307
19597
18359
38540
45775
39888
4520
17296
46594
34178
15312
24300
2568
36215
24778
47096
5652
34081
11998
12349
42724
36155
9647
30946
16997
4083
44019
20154
48560
16849
14366
26732
17320
10665
38318
25448
26521
12541
15968
31825
10041
39231
32018
41736
20237
44806
9491
13990
3881
42588
29703
44853
7823
9891
34039
3996
27417
34562
48901
23557
31201
35360
2716
44300
25341
24315
22790
28374
28840
15060
38568
36651
23339
9163
49160
36882
38683
2755
28047
45640
45180
18866
21209
33053
3348
17448
4072
20075
35706
34713
29448
43747
12124
43464
670
29366
19888
2641
23466
20589
8018
19955
40700
3685
27581
43401
47155
48026
7301
36628
36607
36847
24144
14279
29512
31800
14389
28222
9416
42020
30108
7515
7267
42554
16293
32990
16711
35934
27157
41825
36446
37872
48027
12717
42240
10882
33281
41533
17238
21268
28526
24301
49561
30526
35688
34190
32457
3017
40871
11097
47802
12826
18948
3517
14120
35276
27568
34103
39227
45113
4673
41901
7637
9045
31847
9111
32296
37239
25261
28090
42934
5524
32507
13714
49536
39402
31609
15900
44207
21142
11309
4573
41585
45762
14309
34450
25755
9966
21489
26134
12654
42250
13911
15945
20532
34350
31066
4643
15529
42967
34645
12469
48918
1630
16976
24327
19208
32661
14661
26228
43023
37265
15469
19087
15635
42015
29700
38496
10321
32693
14987
37758
24867
28758
34812
8059
1326
28048
16103
6071
25301
47174
25627
19522
32555
1045
43201
7889
38917
30102
13682
46363
19997
25567
44905
10513
45667
2854
24083
4425
44830
15203
9443
15766
1424
6672
35074
21413
10248
48799
46179
7829
8065
20969
38837
21012
41519
13489
16947
27451
41806
14276
48373
35852
40340
2406
35865
34261
31897
11784
35761
48101
33981
23629
49519
48844
18767
18619
35765
8720
30850
36035
26465
8883
45686
38688
27506
18702
23958
12544
2414
42355
26205
21558
49649
24484
1080
28282
40028
36623
35110
21934
47163
44407
33517
27534
19167
24575
27830
34050
40410
24005
23176
33636
26
2200
47682
29977
33196
45544
47906
47902
47282
10697
6355
23169
4607
25763
38808
1758
33497
33666
12961
42835
32788
16438
36232
33817
28172
22892
9422
40299
25042
46089
33260
49150
22365
49310
28948
36379
5999
41626
10464
48987
5491
31913
47210
18538
13589
45546
48407
33006
48399
39505
10657
43370
7773
9039
33882
45656
34275
38499
7339
9037
37816
38512
7523
5349
42221
36245
42739
1800
1889
619
42189
3285
13715
35847
49640
24638
1586
28524
43424
46255
321
32672
16411
43212
7270
29305
24294
40742
40433
4244
3246
1177
31450
21890
6059
47989
18659
33472
5671
28135
9389
41745
6780
39460
28054
39706
538
5217
367
5529
15128
17010
23148
8371
16034
16765
48837
37337
21041
13562
20346
24150
34361
9258
17640
8908
38928
5941
26424
8539
28864
24800
23160
41260
13891
4053
4440
28519
16116
29413
24660
39450
11530
21557
32238
5677
42659
21854
23955
48368
44073
13216
4365
8400
3203
14230
15813
36408
14107
16645
47362
29604
42279
5391
40738
18273
32086
28564
7124
12240
2441
10600
34192
39546
16540
29583
34644
22494
35712
3124
43579
25525
9142
34841
18348
25526
4394
3145
31133
8341
2521
20809
4369
16982
29232
37774
7861
20735
25506
24872
17971
25580
42294
47547
865
6220
9723
38986
42745
4809
9532
15718
15717
33382
23288
14456
39599
35425
20910
8612
38597
10046
49237
4219
12628
9102
12272
9316
23642
9243
31619
12825
49725
25837
29011
47435
19604
26460
5398
21811
34419
26946
44986
26807
47300
31900
19234
41444
4688
24957
1962
37614
20270
25295
34219
40561
33522
9895
26010
44707
22823
19827
40139
27321
10631
14147
3060
4179
48518
45602
39916
7300
37967
1599
46994
23281
33654
33964
42905
8566
22573
10418
8769
49839
7442
34607
17857
20090
5654
26174
12208
47527
46792
4865
28228
45480
18255
28460
7250
49819
19334
10017
16771
19681
2514
38564
14951
36762
11536
1419
8515
29935
44697
44852
30614
46828
24823
22595
12250
40504
20609
43014
33734
26434
27186
10086
39744
28074
34920
35548
400
48169
49001
1710
45375
10254
1120
10709
39950
16821
30932
28012
33412
15126
5929
1623
1119
24904
23136
15470
26347
38208
44025
32260
16384
1386
5130
20120
27013
27314
27223
30791
38739
25136
10145
31580
42165
6814
15036
21958
9691
46807
45159
30644
17422
33341
15600
15023
30094
28695
27220
31143
2277
47586
31148
14657
25490
28882
43850
2566
42261
47072
32785
14335
8740
45875
1056
2280
1205
17146
42075
35986
49954
2462
7062
35159
38281
11171
37920
7912
39517
48541
32218
22354
29228
41936
47011
911
19006
20127
38081
5576
24071
45318
41672
41257
307
29309
5980
47641
40751
21143
9255
45851
6091
19126
47570
14701
21061
17070
20432
5854
22154
6083
39680
42169
1381
6923
19708
24610
726
43088
12222
8443
31822
4994
6513
39907
14198
2343
17973
46316
10111
21792
36301
46247
40356
24281
10099
37551
5515
17228
4684
42350
9979
43924
14357
31568
21272
34377
30956
6562
17977
6476
26156
28726
37291
14384
11024
27782
36302
4019
21480
44701
31112
43449
34857
34331
17187
16447
3744
22985
34944
31454
38194
43940
14128
45940
35403
6432
4725
36547
47646
33384
45606
24460
33185
44557
15767
13319
784
1652
13448
45265
24285
42212
12959
38405
37766
35910
22585
7335
43729
22780
28635
17661
18105
37643
21238
6985
47858
35062
2953
25303
15623
10536
45169
46928
41766
3950
24601
38593
31791
49913
26315
7573
11688
12787
27887
39367
44632
6373
21910
35162
36869
33367
9106
22589
3754
21530
18981
41234
13566
10957
8228
43578
40289
48703
26503
17723
45717
30960
8560
15571
5031
36160
21941
48166
4969
48937
13900
28100
14557
23784
28274
48182
30432
13861
16119
7814
29584
12885
39098
19422
37179
43253
40285
13241
47574
37991
4292
19958
8807
27897
34064
44796
46544
17024
31426
47751
3113
26564
5838
27679
47688
34373
11934
22425
20623
24747
15359
9303
36914
7467
10221
22059
22403
29989
31366
42106
12252
31418
40989
7771
34088
5819
43549
6462
38351
28349
19687
4681
45597
13545
13275
13390
48813
7008
42351
43448
33111
12907
38319
17300
23667
36176
17265
26365
33224
44048
40963
5744
8950
49374
8260
23422
188
10427
39167
44471
15883
32552
17107
16312
32924
11205
13731
7649
43901
21049
37063
2684
40490
13417
7873
36359
7883
20647
6063
26060
8568
41662
24200
35206
39101
1937
49799
41850
41263
26161
43485
48031
34760
15143
34736
25120
15714
18545
27839
45481
21713
42060
19779
37219
47416
5855
14254
16205
34667
16346
32490
11879
27350
46269
49995
17453
18863
3852
34762
6548
13340
21308
14873
6664
17947
8102
4708
6932
15598
37798
9795
24524
14324
17488
8220
22266
12883
2384
36485
23764
10113
1996
2455
8646
4323
46840
33806
17890
44044
16421
33436
48224
28198
2456
15870
12819
3807
47411
14663
42394
19275
48930
18856
36912
26487
44369
16769
11902
39139
37360
46681
17410
30616
39578
30879
6738
37966
49417
36438
42608
45693
27494
11970
12079
7017
38791
23761
36142
6160
29552
17193
18006
27069
30752
43049
20371
25430
38955
15403
40268
29237
45952
19350
8592
20787
18390
41390
33312
25160
44673
18625
16240
36042
40579
5094
13023
46614
25125
24364
35653
47192
4622
6151
25061
23634
2766
32351
7452
12768
48734
45685
37884
31405
5834
43867
16783
23818
35409
13847
20241
47121
34314
28408
238
31997
29169
16532
2149
41342
46880
30329
18054
22429
46565
1816
9114
16978
43360
33337
4817
29870
8519
18595
17690
18804
3220
48503
1552
2046
44568
46857
35417
28160
35739
25128
12068
915
7403
13634
35277
11904
9566
8938
43231
7104
40103
25968
28779
49870
41446
25088
31135
28428
48232
3412
41890
17746
38854
12618
11063
27989
25055
6312
27532
220
13181
34632
16708
3155
45737
9022
405
37386
37598
17259
7620
20325
17007
9963
6165
35011
20727
13771
32030
32558
14457
9
41802
46048
32057
29063
15351
32037
39077
7615
29981
14907
6591
41104
39643
6566
44424
87
16336
41226
9497
39681
26589
20481
19660
17436
31949
37112
29318
10155
5179
8652
15581
41164
47890
37951
25664
49675
42616
10735
23154
34816
17335
42241
34126
7692
44703
36862
10288
4646
4047
30163
22364
9335
40006
31359
31138
32822
46801
10721
29872
37535
22034
34415
43873
1375
7068
24176
14675
30462
4266
47671
23046
34297
20476
21073
31771
29194
15609
5950
48967
3486
44054
549
24635
13585
25911
11878
46369
12549
15041
41702
39148
1510
16864
31086
41545
24287
9524
466
33099
1896
34780
20397
23072
6655
19761
8199
32492
6929
15055
3265
9925
14910
32877
3168
34614
8287
11468
7945
4747
10897
46229
30527
36725
48260
27615
20903
35700
18005
24988
45230
45846
45095
48754
10362
44286
26035
37670
24345
47452
21894
2663
29718
14062
43705
9348
48730
25171
47726
9964
38094
37784
40246
11521
2911
1473
35247
22743
34346
48805
35259
41918
43239
45910
41724
41369
19331
41692
15291
30699
1189
13454
3879
26350
11410
43980
5035
1039
347
19019
14841
32025
4084
38686
44466
7308
46768
38061
12695
25098
17224
10645
29705
18366
22970
22588
6157
30713
28190
27966
18428
11162
17860
26137
27639
30873
21129
47122
39303
31937
21369
19379
30562
27208
622
19617
3818
44076
30118
22701
45391
33835
33075
24871
43477
28463
14299
20570
10336
33764
8320
20377
4668
40311
10746
44116
49897
4190
25248
39606
16099
12510
27222
35486
26623
29308
43920
13159
22002
44932
49989
45814
23964
28575
2111
8513
38785
13365
4471
20712
24879
22284
44111
36957
29191
47595
27056
48609
33230
37483
17850
36433
18826
33784
13824
47844
6507
13840
22035
34093
11384
18865
30636
46561
7290
29585
49269
40546
11492
1303
38938
5901
44615
48069
18836
15869
36060
35587
39699
24928
18157
38819
47430
8737
18430
14787
44134
21471
43656
47920
8492
45247
30065
7042
35039
47884
7992
42236
39200
22219
30007
18169
10628
47188
5695
46596
21324
9839
2369
21220
42646
41755
949
29526
45904
41403
47410
13524
43987
6284
40576
45812
29073
29116
17043
26195
5685
35214
40707
5214
27996
2819
15993
19093
1704
10913
3843
15434
5321
7831
9589
32440
44628
26932
23409
20845
28843
30836
10903
17632
36609
37422
28661
36796
6414
34553
17386
40016
49211
36122
11968
17887
5885
5678
43639
47703
9103
43107
29850
16766
9707
8112
29505
35161
16884
4390
12562
40550
2403
8478
15076
14329
15997
47185
37873
24020
4141
42711
7575
46320
48243
41671
38828
45416
18072
38509
21964
30516
25069
11753
31921
41987
23007
23012
41661
40257
22921
28942
1400
49095
13262
26435
4626
31420
27998
20494
38780
4305
41695
10361
29610
13157
395
16825
19160
201
33683
8750
13049
9025
6570
28143
6310
7582
7173
26455
9761
25201
25798
21178
34919
13962
513
36997
26290
6815
48204
36656
30011
10470
9200
13012
8557
29615
43149
15363
22977
2377
8744
46118
18671
27657
8412
12570
295
11800
3250
15826
44871
45492
36064
34494
11628
49384
18042
1560
16936
15348
45820
24218
40015
23065
19780
40688
18304
39050
28888
27961
25754
17342
13766
27936
9090
29660
38868
42637
40095
26157
17063
36237
8806
40077
2156
3767
9420
41541
21889
44014
45288
43649
3295
30759
22768
7671
9639
1609
32755
28196
17525
42073
24195
10123
36903
37754
6354
39545
13476
39917
37006
1442
18725
7215
38582
11286
26209
27999
42794
8867
48099
15038
12846
17220
18522
1502
19402
45447
9533
29149
8321
15037
48408
6523
25148
7930
43336
32358
36947
1084
2047
19143
17287
2024
4021
21589
10511
30808
5357
43712
5261
27784
30331
28696
33875
3012
22567
14964
25252
44174
22089
20951
392
45331
10231
38519
43400
27378
20833
33987
34705
10158
15373
25984
22363
26043
16428
20812
48217
35681
32349
19518
43996
23713
27872
4831
6010
46668
24658
34287
21617
29559
47558
24470
22906
1701
45273
35462
2099
47740
7108
28845
44069
28964
39082
22085
17790
6624
3910
43526
27356
31278
13276
348
6051
4560
35794
21335
8683
9876
37380
13995
32500
35967
36553
36407
2664
13449
38080
7155
3243
45170
35350
5362
6769
24563
26215
16487
49548
48223
44989
13812
6768
18519
20778
33454
30918
20972
16223
17116
20633
33088
1895
24990
18832
32742
39443
3339
12920
38392
38098
24210
23534
12902
37068
4002
36342
23292
40459
41445
24090
10381
2935
8983
3907
39819
43709
41412
23981
29865
22955
35856
3642
6440
30154
18896
12966
15197
47224
29285
33089
25507
5681
43065
49358
32157
44074
30258
30856
23972
24442
4003
42220
47838
26022
8978
4583
20064
28055
36644
28364
46362
30537
6980
7874
15920
40787
42323
1624
14974
37850
24726
43857
26979
13931
33810
20745
41494
1557
6811
31881
13877
13703
40702
33641
25905
13464
16637
65
19128
39187
39646
9295
293
39886
20308
49069
3052
21543
41549
43195
22644
46156
36939
12587
43008
44722
30607
45378
31792
4731
37135
25001
48955
20181
29922
40469
37192
41140
45727
30580
44761
46222
13014
29876
8787
19009
46419
44423
27619
34371
45634
25326
35199
5535
31765
38018
9733
34611
18892
7220
15765
2797
31055
28381
5262
42983
11091
8047
1265
21893
15167
45981
41940
41243
6872
4803
47442
14455
30916
47408
29284
38909
33774
14570
46813
37628
31419
34977
39223
31848
29548
13252
31973
45594
6563
29131
46238
4898
16109
20014
22633
28702
18150
1596
35304
14006
4361
10769
3648
49287
20960
48529
38464
198
45435
46402
44436
22623
37061
25787
4630
26242
22755
48450
13573
1461
5934
34097
3734
34532
48827
25190
4016
22989
31239
18256
20827
1732
45103
39212
22476
16922
21124
27153
24051
34840
11589
38674
31162
26674
15352
15324
31837
24391
42311
133
19872
8848
34425
30666
11304
6434
14258
7878
33490
13059
15442
35333
33798
29428
44108
39240
13212
6060
32247
38233
12692
18449
37327
46841
31375
31830
3493
4613
6829
29278
19562
19607
21716
27807
44884
39049
29129
20721
17178
20100
6549
11218
23929
33443
28068
48418
10029
13899
13227
24674
26968
38429
1608
9559
27928
45381
47330
15825
42921
43934
5534
49770
40160
37607
24246
49644
749
14690
32442
9539
16961
41753
23200
39789
10316
9608
42542
22801
35141
24209
6241
18760
10477
8882
44664
23968
6999
26502
46708
19439
31961
15303
28944
30919
7036
26421
44712
42808
44537
49268
1431
25548
31267
48175
10941
7890
26771
49228
49552
23722
32590
25998
45210
25939
33201
5936
23867
23553
22598
2386
195
35862
11947
34414
7599
38418
28965
8863
3549
47113
16220
38884
21076
1367
40724
10027
27168
33293
22356
46923
8590
37738
14485
13233
30992
27110
12809
10290
18717
37160
39797
41200
6152
46327
38940
43736
37355
39629
43801
5863
33031
46200
46013
33101
40217
4850
11706
746
7838
18212
21029
16815
19405
44747
28667
45838
46696
2606
15748
39482
10382
46161
26275
48240
7967
44898
42416
24817
44549
30180
5079
41606
30139
9975
45131
41996
8430
10958
39427
39977
25599
13552
23491
107
19699
7803
34345
47341
27299
24744
10423
13800
9889
41049
1880
47462
10920
19855
45504
14578
28382
41464
31812
29339
4057
37238
12691
1350
11355
3840
1811
30155
15453
44680
19729
19925
46410
3166
48947
10966
12214
14045
24426
7645
11435
7732
13892
41655
40137
21452
22121
4693
46046
14520
6586
2029
4838
24868
35279
46634
48859
23985
10152
29630
40166
9059
24961
10104
41629
12057
31002
21535
25054
20664
13452
43861
23163
8308
10491
27762
48149
29445
31234
26489
18050
4036
24818
30898
26131
20704
32721
31753
46399
13051
6978
7117
46495
16584
34642
13925
45799
49659
4598
12114
8779
39338
19360
20411
36450
36763
32536
32040
29521
14242
21315
49188
15424
26933
877
23928
21170
18459
18426
11734
3715
2315
3602
9859
15130
25819
1095
49226
30091
42312
26797
33262
2027
47061
9826
47853
539
27548
19581
19048
18891
8984
44253
38083
1859
11179
38741
19404
36058
37529
45042
9812
421
5308
43387
24347
16828
43658
48279
36308
15591
17919
8392
15973
47633
19973
29998
20591
39180
18517
38611
33706
9663
11079
33735
22983
39365
44735
31927
44744
4009
43659
31680
23916
48295
38483
24654
14465
35098
6111
38850
5226
12151
21262
22635
23280
36164
42497
10577
21990
11950
8954
17567
9518
19854
27962
6627
44027
49046
49733
34946
28066
34468
44862
26038
29407
28925
27623
30391
33142
32630
31617
45610
12631
24570
16949
47928
6357
11292
28572
1392
23566
46233
18888
6015
47513
16425
27997
48395
15528
30860
31596
8889
32913
32232
35993
3109
39746
25113
8319
22466
18104
16316
21688
1167
17754
13007
31893
47972
29706
22652
34340
48599
43595
42254
6075
5468
46257
26147
22718
20949
5792
42266
47103
25591
27028
25031
42598
4299
29946
17358
28571
40361
16498
16162
36712
27463
39587
47922
8633
8604
23389
22802
20752
49280
31735
4455
25524
21202
35142
6473
18437
41769
23212
42776
48419
43447
38725
2065
7321
40175
4062
11381
30106
24505
35667
34230
44617
2559
29465
27510
24611
2230
46162
36994
5777
35323
17078
1268
38608
17965
11869
26620
47519
9993
22836
719
7522
24712
35094
29379
15991
46430
29050
48794
47374
45515
25703
5861
44187
46832
48814
44204
9666
35627
19168
10775
7251
43247
13583
24881
47735
31657
17927
24926
41270
21224
9619
22303
33039
15576
41268
6387
14703
34631
40949
45326
37709
45157
74
11779
13479
28242
44972
38454
16216
8699
41501
7334
17389
6212
499
38161
33059
3806
5236
40115
49032
11659
34647
7496
3234
4905
22351
48545
544
44600
1252
1333
39739
20278
8607
7503
13256
29645
21762
41957
36525
24882
18403
3112
10125
686
27063
3378
33593
33598
1663
23110
25602
24737
19758
9406
15915
49363
30245
44420
32386
29818
16831
41338
10923
37021
913
35031
806
11443
9325
7369
21163
15726
45635
22224
47173
42606
38665
30046
37409
42272
21975
17033
19778
32020
32847
46272
7141
13325
19480
12044
20850
2182
7752
19978
24743
3690
2451
29724
1492
40620
22395
6034
23310
1116
16663
1228
3551
2297
12207
33631
18192
44985
43178
40569
18383
2255
12743
8614
48527
25122
13686
28703
27728
8701
13819
25843
25515
26622
34791
44727
21363
17806
37293
13326
25817
6719
49682
15984
31231
27265
17693
2906
14020
28816
38111
32882
4510
20846
10012
16548
41801
5159
45726
20861
35272
7724
19317
15383
9430
35426
28906
47277
33841
48637
23015
24310
42425
16084
4820
30738
39826
43720
6281
26305
19972
8158
8409
3287
30570
10763
38637
3550
47484
14492
22668
15252
40254
27196
19621
11185
48340
7633
47005
11102
33492
27061
24362
23808
36126
20309
13912
45975
13238
22038
8323
45044
27475
37549
24108
2962
10660
46017
29484
36866
2028
30128
40420
44497
49400
18551
3798
42286
37845
12149
41365
43745
29944
30665
33025
49808
22547
4956
42317
30221
7589
43955
37745
36114
19998
38430
40194
27091
15843
33618
18829
25337
46524
33990
30947
27624
44115
5322
16142
40295
25070
55
9268
36120
7245
41601
49093
37867
9007
32823
20008
33651
42980
13945
6248
19860
14752
643
24115
6454
33665
3620
48666
29240
47968
31799
27484
19510
48882
33324
33450
22656
30494
22136
43514
18301
28825
4310
31499
15693
37720
31878
8497
43816
9630
20435
44627
20161
21121
13850
1681
33541
21949
1921
36893
39737
15794
49014
20583
25892
12183
28993
35070
40878
43205
22454
22044
44152
8953
7182
29806
20054
42442
33733
45303
41020
15508
30924
46636
12437
34604
32376
3478
21014
20421
3741
20607
33657
46609
27337
37276
6200
16392
19747
21095
44071
21564
12702
30740
40531
37802
29427
13408
47533
17368
48280
742
8618
26129
4176
11455
15273
16767
46776
46094
32879
16925
28972
30732
22164
23282
28699
16475
25378
980
37532
26971
22437
36378
24221
45200
26015
28091
36585
4927
744
25144
5891
27718
5986
7827
25141
15082
11595
37888
46493
29834
8293
37388
39356
46697
43563
2096
46601
44518
1678
42744
6400
37213
8981
24386
43937
27945
18000
22681
21569
12384
29836
39705
17889
4639
49823
14140
36800
20877
39942
42870
40674
5080
38657
14541
33468
41857
36668
18307
28627
12944
18329
41030
5655
34250
6628
10977
23911
30016
22819
10403
8062
24642
14608
43467
40119
829
22276
39541
33347
44939
39871
35261
34561
41061
43539
26654
32796
286
26192
34473
14981
34032
16327
32481
4936
44590
26077
35491
44365
33736
31631
48724
5774
7677
39149
16242
13504
4779
32980
8940
49984
6353
25355
42142
26939
982
43193
28212
12697
32739
81
6447
18775
2251
9548
24326
42065
4795
44388
7576
47643
25300
18191
581
13636
48936
17657
37434
47901
47266
11887
27201
35758
36284
45599
31508
12805
37170
34998
40808
6710
7868
34151
26534
19772
2969
36856
39975
23551
5380
22455
39102
1382
29578
5415
44220
48248
13283
31575
2834
24834
7786
34851
18997
44740
13119
42421
48690
8603
48747
24485
12372
36756
23609
49537
23692
14094
17545
42256
32652
6293
28968
21881
36782
23732
40691
8030
18200
38632
16543
26981
1691
4194
9665
27051
28252
34353
46296
47647
46171
30278
47251
31050
14454
23407
47612
39893
4659
27933
8579
16912
602
45758
14331
21505
13617
45707
725
46104
1429
19592
28145
32444
44666
46866
17665
47963
43390
16446
1632
8849
1366
23257
7592
21277
40842
24084
45939
9500
25185
46153
36074
37618
16348
28180
10242
18406
45296
6959
49776
32588
8502
11993
36135
21938
33632
3372
13742
21655
2020
7435
6219
19263
18661
43695
15704
32017
28933
35102
12519
42170
23335
10811
19026
11014
38758
3578
46865
39022
17924
32679
18133
33014
11646
12684
36899
2925
36285
38298
323
14539
34942
4521
15992
42005
30540
38690
13628
40758
48077
21075
48338
5882
48039
31228
12455
8079
13519
19934
37163
35052
18905
29220
37461
29342
47621
41937
6418
41115
49831
44104
25130
39586
28807
9543
36470
64
12416
36409
45979
739
1248
25369
41419
41389
11502
27262
20198
28449
17260
18339
7362
45058
6146
38287
15087
13978
25474
18864
40602
39946
18071
12310
5996
34111
24976
15216
33682
23108
1432
12815
22473
36190
44659
4706
41298
31737
39345
13665
49510
27507
37158
11944
18228
6590
22645
23419
31466
34426
12108
13344
6703
20341
11976
36221
4024
45413
7966
9096
2127
21578
44688
27790
9401
45322
17518
31632
13515
22524
4427
4218
32085
47651
47068
2404
37059
22344
46714
10150
48584
28591
27891
34710
6420
31
17012
26139
34649
27421
10387
25536
28250
3415
20233
2225
12592
6262
25638
4161
3116
3177
26596
44948
2276
9786
34167
22463
20108
36898
35262
41933
23588
31768
40188
22923
3632
31301
21821
2224
37415
1926
13521
47333
34819
35611
45787
33236
44841
38844
19292
46393
1983
19542
34694
12406
3583
25363
22352
6307
31479
17416
17845
10770
23177
29271
13097
40865
7942
40245
7802
11720
9314
34870
39134
20978
22180
38084
49199
25016
18909
27023
18544
11785
38146
34574
20282
35334
26247
43507
16167
15689
40474
16653
18554
38038
7994
5751
20953
37354
20018
38766
36201
10160
35701
22752
43172
43970
45711
46409
49789
1446
5460
21665
45229
20916
29025
43113
26007
18226
18159
29329
25782
25866
44966
32032
26924
29369
45387
11825
34954
1907
49806
5532
17125
22214
7895
23067
8225
41055
20854
15177
35040
13092
1515
5626
22745
47998
32563
3097
16177
5148
44363
33766
17338
19130
3788
7207
13396
20902
28170
43545
6941
41823
44244
25677
35194
41705
9811
9672
40104
19541
24796
44918
38855
47013
18924
42607
30270
49623
43356
10593
36673
3070
24578
5269
7647
12326
40625
43071
20947
10057
6287
26712
21130
16945
45270
20681
14800
45579
22247
48841
7976
3902
930
14368
160
21847
32286
28839
47563
18821
4089
26335
20030
33102
12633
16202
28119
32684
28672
23353
33048
48126
43315
46976
34545
28976
32799
49624
42519
40014
36436
47049
5636
12046
12062
46706
9291
5537
32662
25465
6109
8303
45742
17395
10937
20758
3277
17542
22749
26225
36971
10802
28509
24146
37212
35751
49051
46254
29145
47741
40030
7605
47141
48773
42404
46122
8850
8350
33269
18819
34277
17666
42197
6422
5111
48975
24870
18347
15467
28147
19558
48202
42769
42963
13710
48362
2504
6138
22591
1315
11607
45401
25709
20112
3829
13184
37723
13967
3940
44293
28325
30484
43470
22979
35254
6298
14850
6906
22023
26690
25023
12958
5275
27040
31977
15812
20773
39106
45784
33538
30130
38560
985
20954
9843
12851
44937
26612
31689
1612
39751
29040
11111
13949
22279
26581
45450
10587
30648
42214
2520
3972
1696
37108
23953
31371
7095
317
8986
32824
4751
48559
25928
11504
36834
21538
32277
41191
10615
34411
14403
25692
20429
1156
8214
32043
45176
48917
12734
29089
38106
41314
17588
27119
28682
38814
7457
41015
47588
35789
25462
43763
4205
26011
43958
28480
45704
34503
24698
41242
18980
38425
47768
3359
32433
16199
34759
5134
37323
48392
49812
23045
25265
17381
31851
12829
256
42517
15535
33849
22812
26182
35614
4931
37543
4564
10928
12891
22100
28225
48825
38262
16228
23167
19076
46481
40976
18858
29748
3761
32035
3531
1261
47187
15680
12526
27290
34249
6765
37917
14722
44396
9101
26068
1070
22221
34964
25032
34673
9315
3682
10791
17557
47273
24888
28065
21074
24687
6103
5633
17150
37646
43445
15156
38976
24914
19991
2798
36290
42837
6324
13779
6955
46933
48307
9684
21991
40692
11657
31603
17008
45011
34590
8697
46521
26373
38534
44496
9632
45468
798
8014
5760
26544
18548
24107
44208
1454
44723
25859
48732
7181
47495
32125
6459
27144
20942
26360
36422
6359
23801
16114
26549
31352
5657
31891
4473
3913
49582
49822
12765
33300
483
17710
1094
35412
27348
18182
11501
43223
39588
11781
40058
19045
12727
10205
43573
39245
17931
22072
47512
1829
45583
14985
44306
14095
43054
17111
34745
4066
18479
5272
45093
47206
42031
8188
2792
22607
14537
3258
28215
7350
47474
21909
17606
41206
8011
49602
44992
24795
2394
30696
9180
43757
30895
39667
9709
15154
25964
18082
31774
16309
37688
15791
40496
19912
39821
34247
5639
40482
18324
7263
31987
32578
27126
23954
32982
13988
9844
3694
5244
45068
13898
46642
22225
7408
35818
23550
10520
43634
33521
2707
19574
18285
47593
9296
49716
18119
1292
49058
5571
17910
47021
25757
21293
42817
41405
43933
29176
5457
19353
48803
32082
12141
5418
27488
23969
39084
22409
48531
34598
24932
28287
8975
27764
15912
41380
5473
28483
30267
29150
3623
19953
18481
1455
12060
29869
36481
43500
15026
19596
2
5129
24582
11926
126
19199
2726
27447
5235
43244
10080
22642
39491
45815
43413
31010
11
23118
13436
44768
5070
13730
23497
26069
24174
33855
31381
40649
3401
4357
11713
46814
35286
8914
14565
42276
6869
47172
16583
36648
37420
6907
18713
39052
123
43718
17816
32099
14889
37613
49728
5616
22964
18207
27660
1798
10262
12348
8143
28783
31318
33897
18399
47176
7464
34539
21691
15936
40973
9388
40213
17210
43388
10340
31481
15708
7281
43343
2360
24513
11637
4395
18930
1874
41013
4938
4443
27237
42508
28950
12008
38378
29036
23803
5646
45728
7227
38375
4215
3259
41083
44767
28983
19787
34418
33074
39944
10767
18177
37931
19515
22576
38826
5638
42875
31482
29993
10185
27131
17
36552
33237
27681
31472
12969
29984
30397
15259
49071
30693
20501
23813
39927
11060
20898
4859
5147
17628
40664
19938
17456
4944
40594
6987
33585
34141
47261
6926
7551
13335
15074
46489
24547
23960
15648
27525
22616
5304
39503
42406
4513
43711
30122
16175
18432
39707
1698
31950
39110
6922
40157
11280
28853
29953
41818
34531
19232
47589
25250
19519
40968
30701
18028
20993
3361
38845
5172
2333
212
29502
17777
39150
22626
39930
9609
33635
34739
25366
17722
31691
28701
5050
22123
15797
4781
17683
42469
48838
42332
18580
44658
30459
19494
3925
12585
43783
6055
40094
32690
38964
44463
16092
14173
16056
5342
36964
13656
45187
30575
4740
31808
48405
46878
36933
12721
39325
49175
28157
21053
4988
27485
25537
45941
15207
32883
6599
30646
32379
37066
1186
9451
11624
44422
410
6629
1633
40018
19158
35220
22133
33934
31105
9918
19062
12578
48499
36228
45047
29436
37162
2806
49041
40341
47847
38153
43025
30491
10873
10083
13901
43469
11985
36558
38902
21527
24032
5847
332
11873
33051
45493
32695
4175
5897
10022
47284
37896
41301
47164
36106
33959
48264
39617
15998
19613
24707
36423
14765
9714
46434
15678
29317
32514
4389
35483
20035
14440
20717
8367
47231
17975
16313
24806
45362
650
31284
36626
16707
3471
6852
10036
16993
29386
27172
8549
25391
14858
28589
5775
4504
34018
45307
47241
44877
6283
30638
7881
45126
5348
35143
42412
6043
20388
21859
44941
12213
26451
446
10597
15885
44724
30504
24934
45810
6778
4280
5435
37813
41659
19745
4893
13473
34432
3998
42920
12163
30529
8904
35621
6497
21000
27420
27453
18225
37231
45516
18380
47723
39842
26302
10836
10912
28396
17152
16907
24909
38755
41209
18385
535
26279
12694
19003
12433
34447
12503
2634
28641
2608
33621
41440
47649
28218
46811
7519
24813
16233
32651
43716
30998
2524
4654
4660
32752
9329
31305
46849
11622
15759
23211
17160
41022
40879
31522
15691
13174
38151
35358
40925
4436
30589
48272
335
40598
17088
29704
20382
36401
33977
21418
5086
25875
13828
2106
4849
20920
49076
7161
15337
13295
21261
4107
46794
1898
32673
43257
45072
38278
3229
32091
48836
3548
29486
7476
2596
30022
14200
48492
16578
27823
31021
28239
42100
1164
43556
2246
48206
8247
6036
8733
1778
39376
4909
32875
33918
45537
21905
12320
13079
24472
24512
15593
7087
41532
19722
26874
23620
32544
1931
29135
42605
17031
6347
23532
28532
11476
7729
15744
12065
44279
25305
7790
23098
8843
30021
30970
16668
39095
16950
3223
1475
5960
36513
13934
35292
24408
15332
19370
2630
23277
49382
604
46652
29596
10359
27402
18524
28150
26605
14955
28768
47119
35368
37373
10344
27354
47476
8019
35781
45696
28075
39693
36596
24223
32212
10191
48229
21407
24508
6467
11959
41600
31391
23403
43313
26783
21907
25808
2887
6242
36084
6536
4116
16882
3869
9961
45395
49778
37531
31600
48854
5123
7952
43846
16355
11696
5697
1388
41964
43194
14005
2551
44284
42991
49004
28289
32478
17736
9946
7280
30966
43090
36365
588
43490
1846
32105
5191
11566
4318
2002
35460
14718
46762
19338
31641
17614
43300
5064
22307
27318
1726
42513
18148
37194
3655
14694
26135
19628
37469
30458
18484
43326
29565
19614
23519
28056
49931
24715
37819
17196
2463
15157
8858
13350
13146
14611
29425
11581
31970
614
36373
42101
5669
16164
32733
6698
20997
13667
4211
39256
43529
24746
35038
17094
45487
8476
48049
27618
27716
6622
19468
37053
16534
14648
37589
4275
15283
25578
9391
1384
12797
25398
24948
24606
12668
22939
11044
41220
15248
48642
18410
31480
14450
42177
41495
6444
28854
40076
3086
18694
43120
29932
8651
29970
7391
113
34083
1034
43215
14
22950
34022
36472
3437
3847
43265
39009
26376
45309
32894
25095
1776
31693
11767
25
17190
34258
17198
17020
2450
20155
10560
29033
1015
29901
3612
32348
27566
48215
13568
4895
32642
9506
45203
14263
12986
40394
28554
12532
12140
9629
29781
21502
33937
38056
25959
48723
33503
1157
1016
25486
11125
34799
20843
5173
15169
32645
4119
18500
25188
12615
11943
49185
13593
4015
11215
10948
40705
14353
23610
6201
41667
44758
7028
39456
8329
23559
18764
7911
38460
38765
33873
8784
7688
23516
13817
7218
38304
11349
1106
19060
42604
31008
17205
22468
6519
43140
44705
39137
33624
47286
43331
47479
10783
3291
44835
3377
49525
23027
18514
44226
7399
22305
38361
2948
47531
6505
26517
47829
21620
49773
33267
5714
25291
27906
2502
22700
8398
46435
43792
41851
30689
30467
46737
4222
28808
15306
28197
16638
30466
13288
23788
48641
47833
43139
26836
18277
1610
1561
16055
19717
652
3887
47354
37288
21937
12951
11635
46413
44291
20285
17086
49264
33552
15657
11640
39261
13333
16484
10765
17309
30983
36852
1121
26795
30300
42340
40116
39322
12898
41770
25412
25015
46728
40177
9361
34951
32330
29975
7824
39906
26821
28069
12523
36428
43992
41430
22789
13500
45227
2342
18620
20747
16057
45673
27191
39034
24409
27574
40782
46896
36478
22456
95
41469
30428
43535
32109
13770
4657
30437
42121
13981
32736
40817
2642
19279
11545
46355
35167
39431
21106
48263
24055
46907
26005
38994
6551
1017
1351
18568
20085
38521
9906
39535
9525
18527
10691
26575
42718
34218
788
30497
34199
71
43845
15541
32842
44995
18502
19497
33489
3444
36765
9845
13050
27562
39451
702
36841
29098
49390
2187
2677
30868
16212
10616
39537
39092
38071
19050
3139
33028
22168
23411
3443
40108
27582
19564
12196
31140
15546
35948
36970
6790
22201
16028
30359
18083
20122
31694
11008
23925
31280
36732
37447
11995
17669
18139
8817
33119
25382
19363
36286
17207
20502
38710
28994
22620
22800
13775
49467
3314
1884
26706
48374
33823
21
11083
10198
8202
44492
1112
32795
34830
38523
32138
49456
15492
12886
44041
23756
33402
14071
17952
32378
104
10443
29014
28890
11667
34957
2167
11452
49605
23538
23454
8615
36445
43392
17995
7947
13787
38548
25287
28084
5314
44361
49943
35359
46203
43093
39386
18004
45993
41433
41647
40717
47267
3987
27751
43232
26591
41877
17586
46381
22288
14646
1518
44433
45139
40320
24887
42804
17109
45720
10135
38920
30097
34858
15700
32953
34945
19066
1822
33292
6997
9350
9264
745
29866
28850
6142
47033
44606
13422
13626
24539
26920
46912
31323
35646
14839
46155
44028
15899
8609
23903
31839
39320
2161
37411
3167
34873
32321
22322
13961
44513
10890
25402
21110
14651
31547
49590
34860
13797
39400
14336
40400
28637
10117
21496
26873
24496
49949
21583
35543
25058
21349
35377
28671
14035
9851
48898
40757
35244
7782
12852
37919
44748
19330
23983
3039
13556
38558
37178
13258
4028
17254
16516
47279
36760
47962
12808
15164
14212
1063
1590
22414
34424
47509
30611
20219
14343
6185
13169
7611
31233
18555
39146
11923
10206
42230
31855
25872
40209
7292
12496
18290
22388
25343
37685
33898
37131
11701
13189
13624
19600
12424
14558
29227
21467
32418
28499
25459
36178
14950
33732
44400
3262
36325
9834
35560
42173
4076
24141
32460
37196
15166
3334
48745
47139
26829
28556
13985
38779
4356
47556
36594
18505
36105
47803
35442
12233
46895
37022
31669
46560
6268
30136
44098
38120
37706
26090
23617
39788
15292
14083
10355
47372
41381
25247
20110
20658
33369
22093
38210
24290
35370
30220
16650
24163
20742
23623
3539
9640
43064
914
25307
37805
22171
22464
6965
42863
29550
19289
16471
11762
18415
40309
43176
39836
16502
43399
47432
8349
16754
40677
17232
46292
3176
10471
40599
22278
10267
2761
44534
31444
35895
20469
13802
28260
48194
18254
35658
27487
4642
40223
41032
36224
11376
26450
559
27462
38945
42434
47073
48950
14196
13331
32047
43804
8277
23037
10934
2941
40850
28211
17821
17177
47924
6093
5479
33519
10950
15152
26188
3796
7956
11288
41941
823
29554
38237
49956
41483
15478
18456
38846
3043
40995
5599
48022
1789
49107
28140
17704
43893
20527
17692
21022
17450
33326
10739
46018
23581
46937
35253
4327
47918
3608
41088
20874
7998
34692
708
33458
36116
32727
33140
23487
25118
13592
29155
11777
9503
32231
4902
48891
5710
43130
22907
20337
10124
36803
37730
21608
19724
49982
27200
37759
36140
20393
22898
11685
27468
22693
44646
25923
41498
40984
4760
390
7351
23530
18738
44952
25702
40381
38914
10936
14835
2768
40360
34880
26906
39913
41700
19641
36610
39396
34006
36584
4591
18369
28232
32486
33148
43662
2734
33029
16391
26033
1324
21297
26542
27951
5509
43688
19008
6288
17896
43154
6452
38400
44129
14190
34984
33859
14639
41932
34504
9354
12897
45070
23262
45996
47794
3032
12377
47270
21799
44904
19629
15621
5077
37487
28835
3322
1902
2549
17778
22529
8959
31557
23852
26097
22556
40136
34175
48074
37375
39206
37485
1973
22048
35825
27197
30923
24154
15921
8700
21682
23196
35077
6692
31667
24574
49844
2183
1748
10460
47404
17184
339
12927
14298
8610
13200
35196
19187
44366
33321
35452
19595
46152
28131
23343
31299
4348
11271
45194
32669
40590
31328
13598
44523
24835
39321
45801
49152
15266
29403
38895
20232
37166
31844
49499
8056
41739
34112
18750
32338
12855
18087
19801
25046
27041
38235
15893
34693
27688
803
24252
11546
18913
15409
5104
36309
37660
36192
7685
15260
46467
47508
22006
18929
35136
28517
37013
34817
12220
1020
33842
36269
12462
16263
2498
8765
24949
28665
7847
7371
2942
13856
19399
48626
26437
40385
27565
15538
27693
18022
49887
33068
10309
21850
9054
2691
29041
44431
42678
48795
17077
39076
14024
7468
16085
41145
12720
40126
11020
43684
15425
33441
409
8447
32257
49908
38279
49826
33167
1938
34888
40768
26986
47536
40587
1762
314
39164
13580
32706
33257
19853
14504
11602
17089
46546
21495
40583
1755
18489
5454
12039
48519
3693
48298
42555
41181
7938
5280
4338
29635
38625
28038
42821
33303
73
48404
37031
17463
30521
35420
7219
8494
19817
37396
2934
39976
44971
48429
8832
5097
24885
9353
47573
32614
48868
1572
31498
38738
18086
21446
47961
25697
24938
8250
1482
43131
44332
42988
32504
40769
41325
24945
21633
14721
5518
8423
20584
17837
48139
36037
25705
30777
16027
49481
15614
18823
32749
46702
27422
30900
2717
34767
45986
1613
8273
18041
20048
10561
21045
35375
2820
27739
17351
12452
37817
25234
24464
5081
36521
773
20549
49911
28602
41837
15676
40553
22130
38852
34238
7904
19728
1068
44156
2725
34280
3894
9058
43964
47564
35240
2326
24170
25000
6064
20321
8946
24102
1744
43015
42673
18833
47437
41784
8677
541
34325
26827
44855
41881
29709
46846
7715
27060
20310
34457
42695
16850
32252
40357
7718
35598
778
37092
43776
40645
9460
41569
46752
26565
15629
43615
19327
38408
1533
35915
28608
32763
4631
9399
6419
47759
10579
48090
33365
12786
24363
38079
36069
36474
40793
38398
32075
33005
27842
46746
28568
31941
11269
9271
43106
38294
45921
40218
12005
45611
3000
18759
42258
7845
46301
37742
40004
46556
16600
37091
22880
34563
36181
15959
35877
36179
45102
23597
31570
13406
1849
38811
15828
44278
37875
30780
4729
23113
11828
48391
40167
19446
23375
156
21156
29341
41666
41635
26977
37661
21085
32592
7937
23341
22146
22500
45663
49906
27108
30077
4920
34079
44526
49531
8162
41384
35378
7381
10090
11541
27405
25290
13660
36505
25480
15785
49038
13982
37084
7370
11011
48165
28511
25317
29819
17809
5368
6735
3373
22283
47384
14321
9794
10232
16406
6187
14773
17219
33077
3063
24760
21766
44277
23843
32468
40916
4559
41045
41037
19795
41431
15132
33222
11116
5667
31675
23745
40204
2510
3126
7073
42281
13247
34173
4650
13437
22941
22624
3740
22684
18373
9869
20191
6213
4584
41279
24089
46671
39674
3723
5375
33081
1668
13185
15427
47311
18885
12155
4975
6448
35566
20923
3149
19764
4442
31985
47772
44218
9020
14610
8593
25313
15572
5848
18075
42591
6112
41791
41062
12934
15656
24593
17774
8966
48431
23286
10149
34609
27888
45295
14785
20281
27895
10490
2473
32623
30373
40158
27281
10047
9446
19463
47944
29012
45467
9704
36878
36627
42079
11611
29907
46406
11882
11115
13622
6799
34036
7019
37448
3426
18253
5818
20328
47882
11265
29665
1626
22859
16297
2279
30262
12849
14826
5994
11735
11425
31422
36838
30418
18490
2419
7684
16894
22910
24970
12390
19254
15483
25073
8394
47475
7283
35076
6704
33446
21062
11078
17992
20069
14352
109
31287
39608
40887
7927
15287
31275
40902
28973
49617
26344
45885
407
48604
16156
7222
2034
14884
2461
255
1901
42050
34236
47353
27900
24690
49567
28005
10431
23034
11815
9549
17294
5229
26554
2695
17476
23170
27637
44457
26334
23396
8583
35451
34298
1970
34530
458
33356
6825
22447
46581
27100
27003
26397
40438
6145
29608
31616
36880
39786
41777
23601
25453
9051
47083
49585
27538
11377
26370
853
1739
39733
19619
32101
6700
29477
10324
13168
39604
48698
36230
18279
46452
36953
40905
27113
10647
41204
48944
1729
536
27737
14243
45659
5189
4364
25635
8355
9073
5658
38297
29848
40886
40401
1331
31805
39556
26059
11294
8879
2383
9139
12571
471
46819
6322
14155
39997
5523
7358
3340
7499
12049
49397
3645
49361
17815
32201
30899
27277
42232
24768
5498
45190
40708
36773
31994
43496
14886
27729
30999
12410
26908
19664
28032
42377
25289
47497
49194
16740
41251
22717
35133
9855
43416
10674
30026
45946
10211
35583
31672
7102
48380
32773
17813
4669
11892
33192
33164
23107
33128
27363
8249
1616
3324
42731
9701
20763
26726
28137
37103
25376
13922
12940
34551
29009
37382
25882
13394
39984
34191
36374
46990
16555
36274
46654
40019
19121
39073
22375
34470
37693
43678
23998
40728
44354
33639
1581
11730
30004
39508
26937
17346
20820
3860
46799
37823
12303
4163
10551
15985
557
28606
39660
14154
10731
5045
20878
33187
29303
17005
4541
18540
38682
7869
9336
45974
42826
25220
21645
14375
47660
39837
47644
47146
8571
12582
26610
31331
16226
46960
31411
370
14609
44578
42056
44760
32729
37074
14652
30294
20535
5039
21111
26432
43153
10292
5841
15909
26504
47248
18264
10635
5730
10226
49888
9384
22249
10641
6804
44007
48227
43516
2781
25824
5441
47178
2622
14795
48116
17286
17581
15444
35514
33425
38126
22554
1757
35652
11106
39346
10102
37397
6789
7697
10876
21284
33868
45580
22488
2012
29026
44401
27183
39990
20260
5879
9568
25685
9678
38577
23374
33544
38490
29348
1396
1480
1707
4294
18773
4775
22975
24808
48717
15384
10371
41102
28626
15310
4373
5575
7567
32244
45453
29462
40772
45235
25579
35963
6496
3526
49505
2499
6361
41729
45905
48873
34156
27182
42609
44539
2131
45938
33715
947
43085
38514
13612
49414
14671
10294
48091
37528
1229
25452
4638
26894
25766
22608
12481
38756
27518
3091
21647
14117
41129
854
9403
36917
29049
45811
25157
17517
20180
15294
707
9407
40911
24786
11228
25332
31090
29363
33087
35185
33916
40372
9897
5615
17911
6137
32928
23508
9873
17149
32050
19216
32935
34949
38974
17764
35927
35198
2991
28310
48530
35807
47050
5200
7951
34757
22293
30746
37406
48235
48562
35857
33172
34495
21658
3959
25618
41185
32574
44199
3343
46818
40885
43284
45407
23971
45527
8173
11277
10449
4655
33943
20485
29188
34904
25850
3495
918
45535
29406
41128
13701
35002
48729
21219
25324
17268
21591
16495
48668
1828
253
27243
48367
49661
37060
10779
46919
19015
30745
10087
18475
26609
19859
7099
1545
16962
47428
13298
16692
24414
3138
15511
18407
4363
43743
17833
45269
17571
8271
40432
48771
10322
28182
38563
36806
8713
14720
34337
12782
43864
37306
8253
45489
49750
22341
7794
30839
4248
49932
15835
33920
10892
32467
12354
33066
26571
29771
39340
26592
34394
28175
5124
17870
39529
7006
38253
41054
26436
13265
36526
41311
9079
1788
1415
35207
28487
26413
20437
4410
30785
24390
4963
10405
31317
29218
23548
46639
4955
46993
37319
44734
49457
17779
12648
24944
42027
17916
34012
5370
34568
13859
31979
6908
5032
8690
37123
33214
10514
29601
10323
25559
23059
19274
48460
19749
26608
30244
20566
29458
27376
3180
44704
17500
19900
27476
2859
44065
19027
406
43383
12024
32093
17153
29572
39820
29084
42423
12401
3352
30716
29088
9213
1401
48748
40418
31883
27766
26285
17447
20828
36119
33751
25764
37514
44146
4841
33302
35473
41132
11555
12827
8421
33442
43760
37508
5
5253
48
19201
99
28202
45411
31298
27758
32186
9526
15263
20964
34439
5443
22054
7171
10349
23202
3970
1222
9104
11101
23418
21453
12029
46608
38695
37078
5211
3627
18303
36650
30610
37840
30905
22400
46869
42694
40092
35175
21098
26019
16730
40411
42341
10137
1194
8761
2588
32737
17054
38409
47502
48847
24120
43433
41237
22366
13673
38900
38376
8331
19987
36272
20349
14022
40838
49412
48573
29648
21429
32483
49533
9181
2954
43373
28465
11984
23195
33113
37344
43789
21717
39428
15336
44947
38726
3375
15417
31509
40695
13058
33664
21817
14294
40046
24270
39183
46491
32631
39783
8960
21151
27925
31536
23210
45587
26113
33156
3050
41643
44185
33551
20536
49745
48352
27176
44219
44295
34095
27792
18419
40029
34498
21567
34678
35328
14881
27138
4479
2011
3326
32266
15398
3661
4461
7387
30770
38752
38801
21945
25235
5487
26040
35115
34630
16764
2833
13575
1709
16504
3553
41822
45494
36632
48296
23245
46765
21416
14054
33171
7667
48252
35265
42565
28719
25022
35463
3108
42580
31407
39203
16820
28391
48052
11572
43871
3876
25934
38796
1781
24474
26860
7480
49923
47921
28354
47672
35855
34246
47298
3706
5573
10935
36254
27926
23849
30056
33643
32862
36187
2033
3914
240
18222
45177
12730
12850
19846
47070
5703
26383
10245
44769
36687
42544
35168
37616
969
37750
41935
44548
35576
21294
19227
17562
6691
19209
9807
17876
15161
4739
12175
12936
1725
8482
19805
43910
33555
10175
1951
13231
14342
16592
35887
27992
49678
10438
11211
34542
9062
37609
44923
2905
13187
37058
2922
19106
17734
15318
41356
26359
1573
29206
9434
31124
11446
23213
19937
9510
31383
41563
42195
30984
21842
4424
30441
18485
17049
48366
35580
17167
34062
5926
4192
43868
23323
13517
17403
3110
24561
46395
27173
44194
7502
1433
47154
21878
29770
9898
6552
32901
34637
18499
22933
44008
12282
11082
7247
5585
47805
21286
2206
18920
18857
21327
48691
9911
3118
4647
19261
36968
19777
23831
45739
14511
45022
25212
36786
48317
49113
343
14208
20399
36103
33205
1779
13224
12107
20246
12485
42750
35863
27070
19793
41690
23078
1723
5337
36949
28980
29156
40120
26198
19816
24615
6370
6367
45616
3554
18578
22879
48798
16908
15148
11653
1513
46947
27843
46100
32373
33063
23855
32339
27994
36291
7657
31256
3926
12767
33958
3790
11868
40082
22957
20834
31834
15742
19053
10278
44506
8134
47873
27573
44315
17788
3370
14938
16585
3230
5436
36643
48744
22730
25413
24033
18421
12197
11894
43355
38035
21867
13485
31438
27486
21096
12561
3021
23165
26407
41288
16914
11819
39612
45073
49083
6808
45845
3208
31038
26125
17119
45448
8562
6246
47230
9085
8183
47105
19361
7504
47317
40900
22128
25230
18455
5306
10590
19506
14438
11313
12854
17445
33243
15881
10868
6052
45278
49415
23325
929
9346
13933
35237
49070
7477
44233
6962
46599
20176
49233
23193
21873
3390
24860
25631
36041
17041
15963
2764
42199
17589
15987
27733
1742
49074
1666
6085
26957
42643
19321
46772
42741
8869
46194
7434
19995
49379
18221
36922
16753
14960
49832
10025
12295
48032
27772
33245
22865
19807
20756
46473
25081
22443
39002
15521
43310
23973
32466
32141
47253
3452
28268
48306
25127
32971
42966
43962
32487
31681
44330
4512
12059
14356
561
13953
39807
29906
40045
45945
39410
19239
26723
761
40558
27960
27589
18996
41906
8679
10434
15175
9801
40081
21004
19561
10558
24558
23337
29717
39785
33905
18417
32462
37629
16058
16080
32846
49855
45313
8286
44944
47212
10247
30282
21891
17429
22055
46931
20730
13657
12718
32965
20853
41591
7532
13246
25231
6747
36039
7739
16951
22894
26853
34187
40274
48335
17006
46716
9719
4830
26222
9987
29137
31266
45831
23494
9738
47525
27614
9251
46339
43105
25696
210
24762
49302
45718
30407
25881
8645
15986
19491
3621
47000
32417
5038
9648
24295
18807
26890
27439
15545
11621
28080
19940
38465
7144
16862
5637
1361
28770
24750
15555
34203
18051
21245
45731
6482
29547
17352
5393
23820
20544
351
40001
5961
18446
44570
7311
305
35111
1867
4437
1576
15010
16715
48613
49919
30318
49421
14055
4897
19886
37534
23128
17214
30069
37348
37639
24500
13902
27747
9188
37328
4713
39091
12075
39876
18289
2949
32198
46206
34453
1977
35478
294
35977
39215
30861
14781
22956
29289
5089
13435
43142
10311
30549
27768
3558
26640
34101
37433
21448
34811
21084
15188
49216
32918
36375
37722
24050
26863
36347
49322
22798
39624
37338
5364
5795
41824
14954
1357
17852
558
21276
1470
29052
17652
4295
12552
11567
1243
7953
282
11520
40901
49260
18236
24240
10465
44957
20017
39730
27215
24719
47445
40283
39966
2826
26938
22527
49110
10870
6469
3641
49687
11414
11876
16236
21116
34887
40012
7792
23749
4832
30581
32055
21601
25502
27294
37312
11442
46351
19324
49797
30972
24535
22289
27570
42611
1152
31094
12865
44832
30365
13194
30718
4923
49723
111
26470
15927
46382
36919
27598
4210
16800
27011
2723
12947
39202
38849
42825
41281
27527
38856
9014
33078
8694
42077
244
36955
11725
10240
27635
34375
27948
36288
4782
33716
24187
32566
20483
41146
14274
22723
33676
29426
43483
3827
24875
1773
7524
22804
43777
4106
24351
150
46084
40369
3680
8767
18783
49802
1680
9804
12157
36764
30345
35586
1342
34988
44165
23000
23264
30181
38730
27602
35593
43541
24731
23467
9339
38961
6858
20311
16617
40027
48498
21457
38180
29827
25051
15183
21541
18330
46246
10285
28275
5564
17840
35827
8267
9887
49706
32367
30820
8792
9189
42180
23266
48041
41757
43750
39064
21299
7678
7083
18706
31282
233
23879
21109
575
15634
23979
28385
42907
47387
8915
4951
49080
42089
15800
8322
39468
26037
22137
39080
24807
16059
18931
582
12370
14764
7340
19150
19262
49545
32637
753
21603
12698
3160
34969
15375
35134
8381
16033
24567
4915
29974
19620
45374
29264
29671
8577
42107
10930
1033
49050
37739
9176
25894
35250
41663
31177
12284
48491
23401
40687
34451
2266
10852
36500
21451
27854
31167
430
30886
24418
22996
33960
14222
4298
17998
21693
25084
30410
3141
25910
21435
48972
47165
15033
32002
34546
3305
9168
3986
867
17325
33970
26858
3294
36465
15662
9278
41938
1525
29274
45927
9334
928
32597
49646
22601
38795
6325
10651
13289
45090
27227
42663
48246
12077
6074
33008
6441
45479
13600
38136
13228
800
13503
27898
24831
10855
19993
43066
3024
23503
29802
15770
27308
45153
3384
31437
8681
40740
35217
26287
26281
25678
36634
46285
29809
16832
35
15711
10837
10764
4596
3047
17121
11788
42478
36966
44773
46502
26377
13722
6751
12001
30566
25394
18246
14146
2603
40034
6995
5767
8970
10392
19587
10888
38970
30052
13619
46797
36200
45521
10826
2635
21702
30369
41638
43226
41573
4540
26867
22575
49944
6953
17430
4497
368
11007
49019
8968
18469
9893
45114
24494
9617
2064
47774
42733
12760
33955
19744
23018
44565
30880
18973
21184
44414
36826
42087
41657
36418
23974
44657
35179
11737
23910
33417
14902
23794
13777
27621
24618
17052
38416
48106
27319
18737
19917
11006
38000
37353
17631
29455
29651
23304
26202
8251
33678
23062
12136
14407
42082
11088
49879
5739
41955
11165
38687
21148
2530
45438
1076
31115
3095
38707
46688
42042
19567
27160
41480
1369
4496
41292
30166
27317
5809
40982
29605
15489
13783
5713
35722
26727
45497
19967
11087
35559
7982
6499
5416
7749
23395
49760
26528
25566
39062
19548
21710
4689
4468
9654
14143
25501
1963
48360
23173
16868
33030
13375
18335
18118
48007
32127
33869
2733
13549
18989
34732
45105
15366
998
38330
17649
36780
1062
32326
21912
31576
40876
49290
3498
965
28962
846
34524
49964
22104
31092
3748
11389
16153
33071
2860
22302
31877
19762
30222
11854
6991
241
42057
22258
659
33473
33163
48409
15355
46182
48687
1402
43761
13302
11806
34752
34976
38207
25011
19909
42366
43046
48636
46955
9850
47964
33480
6617
4158
20296
3457
36402
39720
6868
19802
27331
27246
14997
10785
33364
17408
35793
35256
30910
27763
33015
29153
13726
28294
23714
1721
17212
38729
7676
34814
21677
12553
12957
16991
9806
19129
47409
2301
26695
24741
9108
44838
33013
35026
38028
17641
17921
32878
21931
13123
891
14622
26576
2426
47913
44933
12635
4243
32242
44334
10122
1404
17950
4420
16750
32334
34283
4448
16977
45892
32012
29459
42726
31396
15077
37264
31074
22257
5857
35160
43488
33788
3355
18649
19631
17432
37804
15118
20794
3589
45025
4360
19210
49867
23984
23881
49045
20031
45997
2710
6652
30237
28889
47635
7695
49245
35522
49726
44555
19692
27166
23305
35944
32702
42876
17565
10717
20131
27143
46513
24821
19882
17912
843
10535
25268
11350
17387
7635
43045
10840
34993
21376
13629
3360
21510
32369
26656
24304
26070
43275
22842
8163
15206
8296
42799
28939
43807
22805
13343
43389
37667
7735
29598
20243
47897
26425
36307
16919
30251
30687
22994
39263
20022
42391
38805
5913
45830
2783
14211
26382
28123
4458
41971
31288
26099
34884
41195
49242
30031
24017
35271
28868
47081
4814
5750
5983
35190
5122
47692
11261
32413
39186
39129
48267
48287
49815
16209
30758
40007
48190
11362
39726
31150
6558
45132
24332
36867
15633
22226
41064
35635
38113
31947
18791
35619
4051
30406
43859
21631
16281
37405
38724
14590
2177
40727
49146
25877
48234
37236
2841
28924
33084
33633
44693
9667
27531
24733
46804
29696
31621
11687
48772
20170
22712
23966
13820
8048
40513
32601
19300
30006
34749
26763
9215
17157
49874
23083
17497
26089
40414
23313
35957
6461
30350
1131
47875
27704
21794
25999
41793
6047
2748
21406
17869
45747
2014
30053
25384
38663
34533
32323
36755
4432
45460
24028
24577
35063
20269
45267
7252
47144
21390
16123
4733
40638
4825
24413
3075
18776
41602
27818
21302
14894
5492
44203
42379
18496
5433
20793
48258
22472
13243
11823
14069
4516
46344
21516
19539
19037
18145
28618
47791
30445
48328
33307
3474
33690
44912
34300
16344
19843
34720
49063
6207
33017
10795
12463
45242
29167
19046
15354
12836
22067
26722
44667
7029
8278
27700
6782
13652
14696
29212
37511
18353
49201
22449
27395
29482
42265
16395
13868
36234
18907
43742
20451
29299
6564
26725
8498
2696
27793
29747
15617
33183
243
18768
9716
49894
38876
38379
39268
33035
35574
26082
31645
36028
2957
6119
24717
20662
7808
30639
17295
3957
44191
35225
16378
20578
8627
41758
45738
27734
2233
13724
24623
24853
40168
23504
19314
27702
20839
24125
32701
13805
13878
48855
40205
35703
46974
26636
4399
35171
15264
17799
30018
31385
28462
48485
29734
13888
11439
36250
31064
16921
7153
16091
4524
19861
24845
20184
18110
22480
18268
48876
19826
11895
12432
8230
9615
15841
950
46283
49629
6699
26447
21836
45622
153
49968
30395
48738
28966
2644
48817
1257
3224
508
8037
37571
13032
19344
25898
49829
45995
2742
9133
40634
40057
37369
5552
20298
30963
42016
21997
45289
14160
4874
17084
41484
11670
6945
37620
39486
2657
49938
30792
25422
12381
3822
18878
47971
17822
33777
25226
25351
36885
30200
33790
36134
18745
14260
28195
48276
35008
4037
28869
6813
11148
36631
12050
30256
9047
24854
32912
10119
1674
46373
11319
49442
26232
23268
39747
2231
25922
30579
2023
48421
25495
24880
10487
19270
9027
35744
3873
18780
5914
23063
39006
31858
39087
45807
24565
10151
9991
13603
29640
29468
31725
29310
49420
4649
45774
33558
17510
31668
19177
3819
45363
33569
31362
30749
41750
23350
9664
32746
44529
23180
15463
28240
29361
49693
5813
48277
30371
16975
39411
29629
16262
25284
28210
4304
35726
4370
12980
4384
28373
3597
48558
8780
15185
137
48388
37554
10330
18299
1727
22845
12257
21625
9050
31363
4978
43503
25257
27816
31972
5805
42566
12619
42324
1109
37046
42133
27672
45067
25896
6816
23429
23593
39461
20002
15878
4667
8706
7444
37934
23575
25117
2143
33961
20220
25870
43963
10728
3440
18349
4702
37120
6135
30673
24862
680
47970
31826
44895
48037
47813
45534
1565
38420
48764
9170
23766
47459
30680
25056
36602
21853
41852
45813
49937
43648
24416
18032
34
12130
32834
8827
46505
12367
2262
20036
37142
34416
46318
31660
8306
47706
18869
25917
7232
36934
3261
22499
20277
6781
8877
32845
10192
15327
34223
39155
24323
42740
21630
44510
2926
46265
16830
5651
32316
35810
1848
2555
23496
23327
8169
39232
40187
16459
43748
11193
3013
36943
38337
43633
42360
14213
4134
11861
27714
20719
24356
37228
40883
32401
13825
41345
37270
22206
36323
2997
36572
18227
157
25756
11952
1009
37161
46483
6653
47985
37077
24908
38628
7837
31611
10168
40582
29184
26154
40386
4651
34222
6843
9676
27205
3142
48266
22264
10745
33296
15245
23659
43896
14973
13314
18589
15971
46661
12048
33240
26604
35322
40215
27046
36430
7559
17249
16946
11791
21089
34143
6173
33629
30806
49159
13670
36661
33220
49607
44123
22263
34554
45934
14892
10097
2547
35173
47275
19551
14746
48695
39858
32132
21204
4417
31743
20055
28043
48872
13914
48880
24521
27240
30944
3618
46908
772
34805
14111
2249
15960
40083
9466
29830
22261
436
17655
22340
43519
13136
37605
47471
47516
48073
11161
45777
47004
19247
14221
32015
26770
32225
19090
49360
4723
23285
18797
5363
20376
39553
6224
6650
28506
8272
3850
34179
45321
46618
40990
2363
12187
9564
49928
28773
34309
38479
47991
13496
35684
39980
7770
36264
319
34986
21412
2407
47659
31147
7865
27943
16784
29800
19104
11826
13351
4050
5442
47457
29509
35203
2735
12212
39964
37144
12942
31662
3616
45891
46773
40714
9053
41925
1336
25549
1593
38246
8802
16752
30191
30271
48301
12091
27065
20294
31829
31864
4796
49877
23235
46820
4480
32147
19776
35305
48168
28987
20648
4585
14192
36948
39755
13067
29302
33945
36691
12276
6849
7282
40958
11421
45592
33922
9825
48996
17245
3386
40397
44631
10516
36976
9173
7320
26148
1221
46694
14523
26910
45023
47179
28817
1893
14347
4619
30799
9885
12568
11716
46417
15465
1672
9421
39986
10105
2186
42903
36863
47388
11593
18112
43771
42471
13959
48526
9167
32532
26740
24479
46133
13021
14255
15307
37984
45193
19288
44446
13829
43999
29483
26028
5943
6529
10386
34096
25335
4562
33118
16338
14151
43734
28579
36380
15399
15186
27884
22179
46166
8731
27211
40551
23068
16861
15210
46940
14251
41261
41417
41622
26837
29699
18937
35900
42811
20419
13478
41330
48187
3514
34558
35157
48697
25712
10486
43314
14761
28885
46465
1658
42918
31110
2061
38702
17547
2204
27279
21414
28424
37283
48549
20202
31297
37055
48809
48986
24177
26065
24152
13053
12641
31627
6528
24564
8152
3799
45629
32350
43292
38095
48016
12474
29039
34668
1817
36093
44786
31039
45913
49696
17662
23873
43749
48249
15147
17414
34434
23853
23805
17758
35364
7382
35540
44015
42202
33004
46553
29575
3353
41344
4204
35705
32593
43727
46029
34196
47360
18143
34329
29614
26448
12417
10636
9620
28429
34972
30733
48862
4880
45107
11458
43170
13141
36980
47714
3301
7436
43887
43261
19303
44743
10688
22914
34921
786
13090
46144
6292
48441
36923
31494
30023
10462
48347
32911
34358
17962
8961
14359
26438
10440
22195
34776
27561
359
38045
29961
4843
27071
7841
33740
28229
12380
37678
25704
7322
12393
49987
48835
2526
44242
38609
36329
22705
31490
29473
35116
22098
10154
33510
22436
36733
27754
5946
19928
41800
22031
16196
30559
11084
22754
39018
44700
13663
19475
32561
42437
10993
9378
42839
46129
29688
24847
17579
18728
14483
6933
2313
38759
42852
42690
13602
36793
6303
5309
42051
6919
13093
44799
39665
29287
30772
31185
2914
42313
7479
14214
20936
34115
30386
20676
3590
7756
39281
27922
44287
46793
29979
14988
49615
16883
41364
41580
23821
8785
36298
35239
18394
16995
8035
30328
37152
45161
36638
49192
32718
48932
47109
39595
36431
18743
26778
17709
30319
20760
38574
6639
40993
44582
16005
48856
48620
30233
17958
37619
1341
7494
29569
16944
29837
33591
22630
4589
21309
29044
42701
18963
33938
9487
17026
37209
22860
4097
28403
37254
30149
39507
32535
20107
11485
37489
4939
1132
33159
2282
15631
24634
34650
42816
18889
18300
49102
49028
16367
475
40623
5551
13039
32537
30215
13356
34559
994
381
42213
5058
43341
38963
6582
28366
28951
27977
2512
43971
19947
46781
36647
24188
37311
16867
20908
40313
24070
19017
15253
1934
1858
1146
26983
33186
47260
40331
27808
42427
23990
11314
20284
39316
28946
48304
19536
44938
11827
30509
4251
11746
25392
13808
18587
23289
32027
23043
42743
1584
24693
6408
22788
29253
40346
41117
9091
26969
3963
35518
39295
38842
44610
391
1363
42872
13758
23915
47393
47806
42483
5107
13874
9331
35509
15208
11494
15760
1274
46662
2442
18546
5224
13852
48896
47591
42889
44238
11972
28446
7996
5167
9115
26730
27068
19701
28930
6450
46130
7553
40997
43547
8444
28398
30584
3214
47665
15855
6124
37143
30620
36783
16278
38186
35624
2045
22545
9477
49403
6954
6654
20010
49129
40791
32811
20838
20129
34080
5504
16314
11470
18813
35013
11672
46760
27606
13254
22275
4971
47199
44984
27638
31463
36225
45017
33165
2631
32524
42947
23008
